            1       3 3 3 2 3 3 3 3 3 3 3 3 3 2 2 3 3 3 3 3 3 3 3 3 3 3 2 2
            2       1 3 4 3 3 1 3 4 4 2 4 1 5 3 5 1 1 0 1 0 4 1 4 4 1 0 1 1
            3       1 3 3 4 1 1 3 1 4 3 3 4 5 1 4 3 3 1 3 1 3 3 3 1 1 4 1 3
            4       0 4 4 4 5 0 4 5 4 3 5 4 5 1 1 1 2 4 5 3 5 4 5 5 0 2 1 3
            5       3 2 3 4 0 2 3 3 3 2 4 2 5 4 1 2 4 4 1 3 0 3 5 4 3 5 4 4
            6       1 4 1 3 1 3 4 2 2 2 4 0 4 2 5 3 2 1 1 0 3 4 5 3 2 1 3 1
            7       0 1 3 4 1 1 2 1 3 1 2 4 5 3 2 3 2 4 2 4 4 1 5 4 0 1 2 1
            8       0 5 5 5 5 0 1 0 3 4 1 5 5 1 1 1 1 5 5 5 4 3 5 5 0 0 0 4
            9       4 5 4 1 3 1 5 5 5 4 5 5 5 2 4 5 3 5 3 5 1 4 4 5 1 1 1 4
           10       2 3 1 3 1 3 2 3 2 0 3 4 5 1 3 3 2 2 1 1 3 2 2 3 1 1 1 1
           11       0 3 4 5 3 0 1 5 5 4 3 5 5 5 2 5 3 5 2 5 2 3 5 4 0 1 3 5
           12       1 4 4 4 3 1 3 4 4 4 2 4 5 4 2 3 3 4 3 4 3 2 4 4 2 1 3 4
           13       4 4 3 2 1 3 3 3 1 1 3 5 4 1 3 2 4 4 1 3 4 4 4 4 1 3 4 1
           14       0 3 2 3 3 2 3 3 4 5 3 4 5 1 5 1 3 2 4 1 3 4 3 5 1 2 4 3
           15       4 1 3 1 1 1 4 4 4 1 3 5 5 1 4 3 4 2 1 1 1 1 5 3 1 4 4 3
           16       1 5 4 4 2 0 3 1 3 0 2 4 4 1 2 2 3 4 3 3 4 2 5 5 0 1 1 3
           17       0 1 4 3 1 3 1 4 4 4 3 5 4 4 3 4 3 3 1 1 4 1 5 4 0 4 4 1
           18       3 3 2 3 2 1 3 2 2 2 3 4 3 2 4 2 3 2 1 2 4 1 2 3 3 3 3 3
           19       3 4 1 3 1 1 3 1 2 4 1 4 4 2 4 2 4 4 2 3 3 5 5 2 0 1 3 3
           20       3 2 3 2 1 2 3 3 3 1 4 3 5 0 2 3 2 2 1 2 2 0 0 3 0 2 3 3
           21       2 3 3 2 3 1 4 3 3 4 4 4 4 3 3 4 2 2 2 2 3 3 4 4 3 4 3 2
           22       1 1 3 3 4 1 1 4 4 2 4 0 5 1 1 3 3 3 3 2 2 2 4 4 1 1 1 4
           23       1 3 3 4 3 1 3 4 4 3 2 3 5 3 2 3 2 4 3 3 3 2 4 4 1 0 3 4
           24       1 4 4 3 4 1 4 1 2 4 3 4 4 3 3 3 1 3 4 3 4 4 4 4 3 1 3 4
           25       4 3 2 2 3 3 1 2 3 1 4 4 4 2 3 3 4 4 4 3 1 4 4 3 2 3 2 4
           26       1 3 3 3 3 3 3 3 3 3 3 3 3 3 3 3 1 2 3 2 4 3 3 3 3 3 2 2
           27       2 3 3 2 3 3 2 2 3 3 3 2 4 2 3 2 1 2 2 3 3 2 2 4 4 3 2 3
           28       3 3 2 4 3 3 4 3 5 3 4 3 4 4 3 3 4 3 3 4 3 2 4 4 3 4 4 3
           29       1 3 3 3 3 1 3 3 3 2 2 4 4 3 2 1 3 4 3 3 4 4 4 3 1 2 2 4
           30       0 5 4 5 4 0 5 3 4 2 4 5 5 2 0 3 1 5 5 3 4 3 5 5 0 3 0 0
           31       2 3 3 3 3 2 3 2 2 3 3 3 4 2 2 3 3 3 2 3 3 1 3 3 2 2 2 4
           32       1 4 5 5 4 1 4 5 5 3 2 4 5 4 3 3 2 4 4 3 4 5 4 5 0 0 3 4
           33       1 4 4 3 2 4 4 4 4 2 5 3 4 4 4 4 4 3 1 1 4 3 4 5 2 2 4 4
           34       4 5 5 4 3 1 1 2 2 4 2 2 5 3 4 4 4 4 4 4 5 3 4 4 1 4 3 3
           35       1 4 4 4 3 1 4 4 3 0 3 3 4 3 1 2 1 3 1 3 1 1 3 3 0 1 1 4
           36       3 4 4 4 3 1 4 4 4 3 3 4 5 3 4 3 4 3 4 3 5 4 5 4 1 3 4 3
           37       1 3 4 3 3 1 3 4 4 5 1 4 4 5 3 3 2 4 3 4 1 2 5 4 3 3 3 4
           38       2 4 4 3 4 1 2 4 4 4 1 4 4 4 2 2 2 4 4 4 3 1 4 4 1 1 3 4
           39       3 2 1 2 1 3 3 1 1 0 4 4 4 0 5 2 2 0 1 0 1 4 1 2 2 3 3 4
           40       1 3 4 3 3 1 3 3 3 4 3 4 5 4 2 1 3 4 4 4 4 4 4 4 1 2 3 4
           41       4 1 1 1 0 3 4 1 2 3 4 4 5 3 2 4 4 2 1 1 1 2 4 5 1 4 3 5
           42       1 5 4 5 5 2 2 5 5 4 3 4 4 4 3 3 4 3 4 2 4 0 4 5 0 1 4 5
           43       1 4 4 3 3 1 3 4 4 2 3 4 4 4 2 3 2 4 4 3 3 1 4 4 1 3 3 4
           44       0 5 5 5 5 2 4 5 5 5 5 4 3 1 0 0 4 5 5 5 5 1 5 5 4 4 5 4
           45       4 3 4 3 3 3 4 4 4 3 4 4 3 3 3 3 5 5 4 4 3 5 3 4 4 4 3 4
           46       0 1 3 4 3 0 1 5 5 1 0 4 5 2 0 4 4 5 2 4 4 2 5 5 0 1 1 5
           47       0 4 5 4 5 0 3 5 5 3 3 4 5 4 1 3 1 4 5 4 4 4 4 2 0 0 3 3
           48       0 5 5 5 5 0 2 5 5 5 3 5 5 5 0 5 5 5 5 5 5 0 5 5 0 3 0 5
           49       3 3 3 3 3 3 2 3 3 2 3 2 3 3 3 3 2 2 2 3 2 3 3 2 3 3 2 2
           50       1 3 4 3 4 3 2 4 4 3 3 4 4 3 2 4 4 3 3 3 3 4 4 3 2 1 3 3
           51       3 3 3 1 2 1 4 3 2 2 3 3 4 1 0 1 1 3 1 3 3 2 3 4 1 1 2 4
           52       2 4 3 4 1 3 4 4 4 2 3 3 5 1 2 4 4 3 3 1 2 4 4 4 4 5 4 3
           53       2 3 3 3 3 1 2 3 3 3 2 4 4 2 3 2 3 2 3 2 3 3 4 3 2 2 2 4
           54       0 5 4 3 0 0 0 4 4 4 5 5 5 0 5 0 0 1 2 1 3 0 5 5 0 0 0 5
           55       2 1 1 1 1 2 2 3 2 1 4 2 4 1 2 0 2 3 4 3 3 3 2 4 1 3 2 3
           56       1 4 3 4 3 1 2 3 3 4 1 4 4 3 2 1 3 3 3 3 3 2 4 4 1 1 1 3
           57       3 3 4 4 5 1 4 5 4 5 4 5 5 4 5 5 4 4 4 2 5 5 5 5 2 4 4 5
           58       1 4 5 4 2 1 0 5 5 5 0 4 3 5 5 2 1 1 3 0 5 4 5 5 0 1 0 5
           59       2 3 4 3 1 1 4 3 4 3 5 4 4 4 4 2 4 4 2 2 4 5 4 4 1 4 4 3
           60       1 3 3 3 3 1 2 3 2 3 3 3 2 3 3 2 3 2 3 3 3 3 3 3 3 3 2 2
           61       2 4 4 3 3 1 4 3 4 2 2 4 4 2 3 4 2 2 3 1 4 2 4 4 1 2 3 4
           62       4 4 2 1 2 3 3 3 0 1 3 5 4 1 5 4 4 0 1 0 2 2 4 5 4 5 5 4
           63       4 4 3 4 3 2 3 4 1 3 1 3 4 3 1 2 3 3 4 3 3 1 3 2 3 1 4 4
           64       0 3 4 4 3 2 4 4 3 4 3 5 5 3 3 3 5 4 3 5 4 3 5 4 0 0 3 3
           65       2 4 3 3 2 2 4 3 3 3 3 3 4 3 3 3 3 3 2 3 4 1 5 4 2 2 4 3
           66       5 0 5 0 5 0 5 5 5 5 0 5 5 5 0 5 5 5 5 5 0 5 5 5 5 5 5 5
           67       1 3 4 4 3 1 1 4 4 3 2 3 4 4 3 2 2 4 3 3 4 4 4 4 1 1 3 4
           68       2 3 4 2 2 3 5 5 5 2 5 5 4 4 3 3 4 4 3 4 4 4 5 5 2 5 3 4
           69       2 2 2 2 2 3 2 3 3 3 3 3 3 2 3 3 2 3 3 3 3 2 2 3 3 3 3 3
           70       0 3 5 5 5 0 5 4 5 0 4 5 4 5 5 4 3 5 5 4 4 5 4 4 5 2 4 5
           71       1 1 1 4 1 4 4 1 1 1 1 4 4 1 1 4 4 4 1 4 4 1 1 4 1 4 4 1
           72       3 3 3 3 3 3 2 2 2 2 3 2 3 3 2 2 3 2 3 2 3 3 3 3 3 3 3 2
           73       3 3 2 2 3 1 4 3 3 1 2 4 4 3 3 3 2 3 2 3 4 4 3 3 2 3 3 4
           74       2 3 4 3 4 1 4 4 3 3 2 3 4 1 1 3 1 3 4 3 3 3 3 4 3 3 3 3
           75       2 3 5 3 5 0 1 5 5 2 5 4 5 3 3 2 1 3 4 3 4 4 5 5 0 1 3 4
           76       1 3 3 3 3 1 2 4 3 1 3 4 4 2 2 1 2 3 3 4 3 3 2 4 1 2 3 4
           77       1 3 4 4 4 2 2 4 4 3 3 3 5 4 3 2 2 3 3 4 3 3 3 4 1 1 3 3
           78       1 5 4 4 3 1 3 3 4 4 2 3 4 2 2 4 3 4 2 4 5 3 4 3 1 2 2 3
           79       0 5 4 5 1 0 2 2 3 2 4 4 5 1 1 4 4 4 3 4 4 1 5 5 1 1 0 4
           80       2 3 2 3 2 2 3 2 1 1 3 3 3 1 3 2 2 2 2 1 3 2 4 4 1 2 3 4
           81       1 3 3 2 1 1 0 4 4 0 0 1 5 1 3 3 1 4 0 3 3 0 5 4 0 0 2 4
           82       2 3 3 3 2 2 3 3 2 1 2 3 4 3 3 3 3 3 2 3 3 3 3 4 2 2 3 4
           83       2 4 5 2 3 3 3 2 5 3 4 3 4 5 4 4 1 5 3 3 5 3 4 4 5 5 5 5
           84       1 4 4 4 4 0 1 4 4 1 1 2 4 2 1 1 1 4 2 4 4 3 4 4 1 1 1 4
           85       1 2 3 3 3 2 2 1 2 2 2 2 2 3 2 1 1 2 2 2 3 2 3 3 3 3 2 2
           86       5 1 3 1 1 4 3 0 0 0 5 4 5 0 3 3 4 1 0 0 0 0 1 3 5 5 4 4
           87       2 1 4 1 3 0 3 3 3 3 4 0 4 1 4 3 2 0 3 0 0 1 5 3 1 3 1 3
           88       3 2 1 2 1 3 3 2 2 1 3 3 3 1 5 4 2 1 1 0 2 1 1 3 3 4 4 3
           89       0 5 4 4 3 1 1 3 3 3 3 5 5 3 2 4 1 4 3 4 3 3 4 5 1 2 3 4
           90       0 3 5 3 3 1 3 5 5 4 0 4 5 3 0 3 1 5 0 5 4 3 5 5 0 0 4 5
           91       0 5 4 4 2 2 3 4 4 1 4 4 2 5 3 5 4 3 3 2 4 5 5 4 0 3 4 3
           92       4 3 4 2 3 4 3 3 3 4 4 4 4 4 1 4 3 4 3 4 4 3 4 4 1 1 1 4
           93       1 4 4 4 4 1 3 4 3 2 4 4 5 1 3 4 4 4 3 5 3 3 4 2 3 1 4 3
           94       2 2 3 3 3 1 2 2 3 2 3 3 2 2 1 3 3 2 3 3 2 3 4 2 4 2 3 2
           95       0 4 5 4 4 1 1 4 4 2 5 5 4 3 4 4 5 1 2 0 3 2 5 4 1 0 1 4
           96       2 2 2 2 1 1 3 3 2 0 2 4 4 1 4 3 2 1 2 1 3 2 3 4 2 3 3 3
           97       1 4 4 4 4 2 2 4 4 3 3 4 4 3 2 3 1 3 3 4 3 4 4 4 0 0 2 2
           98       3 5 4 4 3 0 0 4 5 5 5 5 5 3 5 5 4 5 5 5 4 3 5 5 0 0 0 5
           99       1 4 4 4 2 1 1 4 4 4 1 4 4 4 2 1 1 4 2 4 4 1 4 4 1 1 2 4
          100       2 5 4 3 3 3 3 4 3 3 3 3 5 3 3 4 3 3 3 3 1 4 3 5 1 3 5 4
          101       3 5 0 2 2 0 4 3 4 0 4 5 5 1 4 4 4 1 1 1 5 0 0 5 0 4 4 5
          102       0 4 3 2 2 0 3 3 3 2 2 3 4 1 3 2 1 3 3 2 3 3 3 3 1 0 1 4
          103       0 3 4 5 5 0 1 5 5 5 3 5 5 4 3 1 2 3 4 2 5 0 5 5 0 0 0 5
          104       1 5 4 3 3 0 1 4 2 4 1 3 4 1 2 1 3 3 3 3 2 2 4 5 1 0 2 3
          105       2 3 2 3 2 3 4 5 4 3 3 5 5 4 1 5 4 1 5 1 4 1 5 5 2 3 3 3
          106       1 4 4 4 3 2 3 4 2 3 3 1 3 4 4 3 4 4 2 2 4 3 4 4 4 2 0 3
          107       3 2 2 2 3 2 2 3 3 3 3 3 3 3 2 3 2 3 3 2 2 3 3 3 2 2 2 3
          108       1 4 4 3 2 1 1 4 4 3 5 5 4 2 5 4 3 1 2 1 4 2 4 4 1 0 2 3
          109       4 4 4 2 4 2 3 4 4 2 3 5 5 2 2 4 4 4 4 4 4 2 2 4 2 1 2 5
          110       3 3 4 2 3 2 4 2 2 5 2 2 5 3 4 3 1 3 2 4 4 3 2 4 2 2 2 4
          111       3 2 3 2 3 3 2 3 3 1 3 3 4 2 2 3 3 3 2 3 3 2 2 3 3 3 3 3
          112       2 3 3 3 3 3 2 2 3 2 3 5 4 0 2 4 4 3 3 2 4 5 5 5 1 3 1 3
          113       2 4 5 3 4 1 4 4 4 2 4 4 3 1 3 2 4 5 3 4 4 5 5 4 1 1 1 4
          114       0 5 5 5 5 0 2 5 5 5 3 5 5 4 0 5 5 5 4 4 5 1 5 5 0 3 4 5
          115       0 3 2 4 2 1 1 3 2 2 1 4 5 3 2 3 1 3 4 1 3 3 3 4 2 1 2 3
          116       3 2 2 3 3 3 3 3 2 3 3 1 3 3 2 3 3 2 2 4 2 3 3 3 1 3 4 3
          117       0 1 5 5 5 0 0 5 5 5 0 4 5 3 0 0 0 5 5 5 3 0 5 5 0 0 0 5
          118       0 5 5 5 4 0 4 4 5 3 0 5 5 4 2 3 3 4 3 3 1 5 5 5 0 0 0 4
          119       1 4 2 2 3 1 3 3 4 2 4 5 4 3 2 2 2 3 2 3 4 4 4 5 3 3 2 3
          120       0 1 4 4 3 0 2 2 3 3 3 3 4 0 1 0 1 4 4 3 4 3 4 4 3 3 3 4
          121       1 3 4 4 3 2 3 4 5 1 3 4 5 1 4 3 3 4 2 3 4 4 5 5 2 1 3 3
          122       2 3 3 2 3 1 4 4 4 4 2 3 3 3 4 3 4 4 2 4 3 5 5 3 3 4 4 4
          123       2 4 4 3 4 2 3 4 4 4 2 4 4 2 4 2 1 3 4 2 3 4 4 4 2 0 3 3
          124       1 4 3 4 2 0 4 4 4 0 4 4 4 5 5 1 0 4 2 3 1 4 4 4 1 4 4 4
          125       1 3 3 3 2 2 1 3 4 3 3 5 4 3 4 5 5 4 2 3 5 4 4 4 0 3 3 4
          126       1 4 4 4 3 1 4 2 3 4 1 3 4 3 1 1 1 4 1 4 1 2 4 4 1 1 1 4
          127       2 3 3 2 1 1 3 3 3 1 4 3 3 1 2 4 3 3 2 3 3 2 5 4 1 3 4 3
          128       2 4 3 4 2 2 3 4 3 3 5 4 5 3 3 3 3 4 3 4 4 3 3 4 1 1 2 4
          129       1 4 5 3 4 0 2 5 5 3 3 4 5 4 0 1 4 5 4 5 4 2 4 5 1 0 3 4
          130       5 5 4 5 3 4 5 5 4 3 4 5 5 5 4 5 4 5 5 5 5 5 5 5 3 2 4 4
          131       1 3 4 3 2 1 2 2 2 1 2 3 3 4 1 2 2 3 3 3 3 4 4 1 1 1 3 3
          132       3 2 4 2 3 1 4 4 4 1 5 5 4 3 1 4 4 4 3 5 3 3 5 5 3 3 3 5
          133       1 5 4 5 3 1 0 3 4 0 1 5 5 3 0 5 3 4 3 4 5 5 5 4 0 0 1 5
          134       1 4 3 3 3 1 4 4 2 4 2 4 5 2 2 3 1 4 4 4 4 3 5 4 2 2 3 3
          135       1 3 3 3 5 3 0 4 4 5 3 5 5 0 1 4 3 5 3 5 4 1 4 5 1 1 3 5
          136       2 3 4 2 2 1 2 3 4 3 2 4 4 4 2 3 3 4 3 4 3 1 4 3 1 3 3 4
          137       1 5 4 4 2 5 3 1 2 5 2 4 5 4 2 4 4 3 2 3 4 2 2 5 2 1 2 4
          138       0 2 2 4 3 0 1 1 1 1 4 1 5 1 2 4 4 4 1 3 4 1 3 4 3 0 1 2
          139       1 4 5 4 4 1 3 4 4 4 1 5 5 2 3 3 3 5 3 5 4 1 4 4 1 1 1 5
          140       3 4 3 3 3 1 3 3 2 3 3 4 4 4 3 3 3 4 3 2 4 3 4 3 1 1 1 4
          141       0 4 4 4 3 0 2 5 5 3 2 5 5 3 2 2 2 3 4 4 3 0 5 4 0 1 3 5
          142       1 2 3 3 3 1 2 4 4 4 3 4 4 1 2 2 1 3 4 3 3 3 4 4 2 3 2 3
          143       1 4 3 4 2 3 4 3 3 1 2 3 5 1 3 4 2 3 3 4 3 1 5 4 3 1 2 4
          144       1 4 3 4 3 1 2 4 3 4 2 4 4 3 2 2 3 3 4 4 4 2 5 4 2 2 3 5
          145       4 3 4 3 3 1 3 3 3 3 3 3 5 3 4 4 3 3 4 2 3 4 4 4 2 3 3 3
          146       2 3 4 2 2 0 3 4 4 2 2 4 5 5 1 3 3 4 2 4 4 2 5 2 0 0 3 4
          147       3 4 1 2 1 4 1 3 2 1 3 4 2 3 3 4 3 4 2 1 5 4 4 5 4 1 3 5
          148       3 1 4 1 2 1 1 3 3 1 3 3 4 1 5 4 4 1 1 1 1 1 4 4 1 1 0 3
          149       2 3 2 3 2 2 3 3 2 2 3 2 4 1 2 3 3 3 3 2 3 4 3 3 2 1 2 3
          150       0 5 2 4 0 0 0 3 3 0 5 5 5 3 5 1 1 0 3 0 5 5 5 5 1 3 4 3
          151       3 1 1 1 3 1 1 4 4 4 3 2 5 4 3 4 4 2 2 1 4 1 4 4 2 4 4 4
          152       2 4 5 3 2 1 4 4 5 3 2 3 4 4 3 1 1 4 3 3 3 2 4 3 1 1 4 4
          153       2 4 3 2 2 2 2 3 3 3 3 4 4 4 3 3 3 3 2 2 4 3 4 4 1 3 2 4
          154       3 3 5 3 3 1 5 4 4 2 3 4 5 3 2 4 3 4 3 4 4 3 4 5 2 3 3 4
          155       0 4 4 4 4 1 2 4 4 4 1 3 4 2 2 2 3 4 4 4 3 1 4 4 1 1 1 4
          156       2 2 2 2 3 2 2 2 2 2 1 3 3 2 2 3 3 3 2 2 3 1 3 3 3 1 3 4
          157       1 5 4 3 3 1 3 4 4 3 2 4 4 3 1 3 3 4 3 4 2 3 4 4 2 3 3 4
          158       3 2 3 2 3 3 3 3 3 1 4 4 2 2 2 3 2 2 2 2 4 2 3 2 2 3 3 3
          159       1 3 1 3 1 4 3 2 3 0 1 4 4 5 0 4 1 3 3 2 5 5 3 3 1 4 3 0
          160       1 3 3 4 3 2 3 4 4 3 3 4 4 3 2 3 2 3 3 3 5 4 5 3 1 3 3 3
          161       2 2 2 3 2 1 2 1 4 2 4 4 3 2 2 2 3 3 2 3 2 3 3 3 2 3 4 4
          162       2 3 2 3 2 2 3 3 2 3 3 3 3 2 2 3 3 3 3 3 3 2 3 3 3 3 3 3
          163       1 2 4 4 3 1 3 4 4 4 3 4 4 4 1 2 3 4 3 3 4 4 4 4 2 1 4 4
          164       0 4 3 3 3 0 1 2 3 3 2 4 5 0 1 2 1 3 2 3 1 0 5 4 0 0 0 4
          165       0 4 3 0 3 4 3 0 0 0 4 0 4 0 4 0 0 0 3 0 0 0 0 4 0 4 0 0
          166       0 4 4 5 3 0 4 4 4 5 2 4 5 3 1 3 1 4 4 4 2 3 3 3 1 0 2 4
          167       1 4 3 4 3 1 3 4 4 4 2 4 5 3 1 0 1 4 3 5 4 2 4 4 1 1 1 5
          168       3 3 2 2 2 2 4 3 2 2 2 4 5 3 4 4 3 2 2 1 1 1 4 4 3 2 3 4
          169       2 4 4 4 3 2 2 3 3 3 3 4 4 4 2 4 2 3 2 4 3 4 4 4 1 3 4 3
          170       1 2 4 4 3 1 1 4 4 3 1 3 4 1 2 1 1 3 3 3 4 3 4 4 1 1 1 4
          171       1 3 3 2 3 3 3 4 2 1 3 5 4 1 3 3 3 4 2 4 3 4 5 4 1 1 0 4
          172       2 2 3 3 3 1 1 3 2 2 2 4 3 1 2 0 3 3 4 3 3 3 4 4 1 1 2 2
          173       0 4 3 2 2 0 3 4 3 3 2 3 5 3 1 1 2 5 3 4 4 5 5 4 0 1 3 4
          174       1 4 2 4 2 0 1 4 4 3 3 5 5 1 3 0 1 3 1 3 3 3 5 5 0 0 5 4
          175       1 2 3 3 4 1 1 3 3 3 3 4 4 1 2 4 3 4 4 5 2 2 3 4 1 3 4 3
          176       2 2 2 2 1 3 3 1 2 0 3 4 4 3 4 3 3 2 1 2 3 4 4 3 2 3 3 2
          177       0 5 3 1 3 0 2 4 4 4 5 5 5 1 2 2 5 3 4 4 1 4 3 2 3 1 0 3
          178       1 4 4 4 4 0 2 4 4 3 2 4 4 3 1 2 1 4 4 3 3 2 4 3 1 1 1 4
          179       0 5 5 5 4 0 3 3 5 5 0 3 5 3 0 1 3 5 3 5 4 0 2 5 0 0 0 5
          180       2 3 3 2 3 4 3 2 2 2 2 2 3 2 2 4 3 4 2 2 2 3 4 2 2 3 2 3
          181       3 2 5 2 3 1 0 4 4 3 1 5 4 3 1 3 4 4 3 4 5 1 5 5 0 1 3 4
          182       1 1 1 3 2 1 2 2 2 2 2 1 2 1 1 1 3 2 3 2 1 2 2 1 2 3 1 3
          183       1 4 4 4 3 3 4 4 4 3 4 4 4 4 3 4 2 4 4 3 4 4 4 4 3 1 4 3
          184       1 4 3 4 3 1 1 4 3 3 1 2 4 2 1 1 2 4 3 3 4 2 4 4 0 0 2 4
          185       4 4 3 4 4 4 3 4 3 2 3 4 4 3 4 4 3 3 3 4 3 3 4 5 4 3 4 3
          186       2 3 2 3 2 2 3 3 3 2 3 4 4 1 1 4 3 3 2 3 4 1 3 3 2 3 2 3
          187       1 4 4 4 3 0 3 4 3 4 3 4 5 4 1 0 2 4 4 3 3 3 5 4 1 2 1 4
          188       0 4 3 0 1 4 4 4 4 1 5 4 5 3 2 3 3 4 3 4 2 4 4 4 1 2 4 4
          189       1 4 4 4 4 0 2 4 4 4 4 3 5 4 3 2 4 3 4 3 4 2 4 5 2 4 4 4
          190       1 4 3 5 3 2 4 4 4 2 4 4 3 3 2 1 4 4 4 4 4 4 4 4 2 2 3 3
          191       0 4 4 5 3 0 0 4 5 2 1 3 5 1 3 0 0 3 3 2 5 0 5 5 0 0 0 3
          192       2 4 4 4 4 1 3 4 4 4 2 3 5 3 2 2 2 3 4 3 3 3 4 3 1 2 2 4
          193       1 4 3 4 3 1 5 3 4 4 2 4 4 4 2 4 4 4 3 3 3 4 5 4 1 0 4 4
          194       0 4 4 5 5 0 3 2 2 1 1 4 4 3 0 3 3 4 5 4 3 3 5 4 1 1 1 4
          195       1 3 4 3 4 1 4 3 3 2 1 4 4 4 1 1 3 4 3 4 3 1 5 4 1 2 4 4
          196       1 4 4 3 4 3 2 4 4 4 3 5 5 1 4 4 4 4 4 1 4 1 4 4 1 0 1 3
          197       0 5 3 5 4 0 0 3 0 3 2 5 5 2 2 0 0 3 3 2 4 3 5 4 0 0 0 0
          198       1 4 4 1 4 1 1 4 4 2 3 3 5 1 3 4 4 2 2 2 4 2 4 4 2 3 3 4
          199       4 1 3 1 1 1 1 4 4 3 1 3 4 2 1 1 3 4 1 4 4 1 4 4 1 4 1 4
          200       2 4 4 4 2 1 4 3 3 3 3 4 4 3 2 3 4 4 1 4 2 3 4 4 1 2 3 3
          201       2 5 5 4 3 2 5 5 4 3 3 5 4 1 1 3 3 4 4 4 2 3 4 5 2 4 4 3
          202       0 5 5 5 3 1 0 3 3 2 2 5 5 3 2 2 3 4 1 4 2 5 5 5 0 2 1 5
          203       1 2 2 2 2 2 2 2 2 2 2 2 5 2 2 2 1 3 3 3 3 2 4 3 2 2 3 3
          204       1 4 4 4 3 1 4 3 3 4 3 4 5 3 3 5 4 2 2 2 3 4 4 3 1 3 3 4
          205       2 3 3 2 1 3 4 2 2 3 3 3 3 2 2 3 2 3 2 2 2 4 2 3 3 3 4 2
          206       2 2 2 3 3 2 2 2 3 2 3 2 3 3 3 3 3 3 3 2 3 3 3 4 2 2 2 3
          207       4 4 4 5 4 1 2 4 4 3 1 4 4 4 1 1 3 4 4 4 2 1 4 4 1 2 4 5
          208       5 0 0 0 0 0 4 5 3 0 0 5 5 5 0 5 5 4 0 3 0 3 5 4 1 1 0 5
          209       0 2 3 1 3 0 2 4 4 2 3 0 5 4 0 3 3 4 3 4 4 4 4 4 0 0 0 4
          210       2 3 4 2 3 2 3 4 4 4 3 4 5 3 3 2 2 4 3 3 4 4 4 4 3 4 3 4
          211       0 5 4 5 0 3 3 4 4 3 2 5 5 1 0 3 1 4 3 3 5 5 5 4 1 0 0 4
          212       0 5 3 5 4 1 5 3 3 5 1 3 4 4 2 4 4 4 3 3 4 1 3 5 0 0 3 4
          213       1 3 2 3 2 4 4 3 4 1 4 4 4 3 5 4 1 3 3 2 4 5 4 1 1 1 3 3
          214       0 1 4 2 2 1 3 3 4 1 4 2 5 1 2 4 1 4 4 3 4 5 5 5 1 2 4 4
          215       1 4 4 4 4 0 1 4 4 3 1 4 5 3 1 2 1 4 3 4 3 1 4 4 0 0 0 4
          216       1 4 5 3 2 0 3 3 4 1 0 4 4 4 2 3 3 4 3 3 4 1 4 5 0 2 2 4
          217       1 3 3 4 3 1 3 3 4 2 4 4 4 3 4 3 3 2 3 2 4 5 5 5 1 3 1 2
          218       5 1 1 0 0 4 4 3 0 0 3 5 4 3 5 4 2 0 0 0 1 0 5 3 1 3 3 4
          219       0 4 4 4 2 1 2 4 3 2 2 4 4 3 3 3 3 2 2 3 3 1 4 5 0 0 0 4
          220       1 3 4 3 3 1 3 4 3 1 3 4 4 3 2 3 3 3 3 3 3 3 4 3 2 1 3 5
          221       1 4 2 3 2 1 3 3 3 3 3 4 4 3 3 3 1 3 3 3 4 4 4 4 2 3 3 4
          222       1 4 2 3 1 0 4 3 1 3 3 3 4 3 4 4 3 1 2 0 3 5 3 4 2 2 2 4
          223       0 5 3 4 4 0 0 5 5 5 3 5 5 4 2 2 3 5 3 5 3 0 5 5 0 0 0 5
          224       0 5 3 4 4 0 3 4 3 2 1 4 4 3 0 4 2 5 4 5 3 4 4 3 1 0 3 4
          225       0 4 4 5 1 4 2 4 4 1 5 5 5 4 2 3 2 4 3 4 3 5 4 5 1 3 3 3
          226       4 1 1 1 1 3 4 4 3 4 3 4 4 1 1 4 4 4 1 4 1 4 4 4 1 2 4 4
          227       1 2 3 4 4 2 3 3 3 4 3 4 3 3 3 3 3 3 3 3 3 3 2 3 3 3 3 2
          228       1 4 4 4 5 1 1 4 4 5 1 3 5 1 1 1 1 5 4 5 5 1 4 4 1 0 1 4
          229       2 5 4 3 1 4 2 1 1 0 5 4 5 1 4 4 3 4 0 4 5 2 4 5 4 4 0 5
          230       0 5 5 5 4 0 5 5 5 4 1 4 4 4 1 1 0 4 5 4 4 3 5 5 0 3 3 4
          231       0 4 4 4 4 1 1 4 4 4 4 4 4 1 4 4 1 4 4 3 4 3 4 4 1 1 3 4
          232       4 3 4 3 4 4 3 4 3 4 3 3 3 4 3 4 3 3 3 3 4 3 3 4 4 3 4 3
          233       3 3 3 3 3 2 3 3 3 3 4 3 4 3 4 3 3 2 3 2 3 2 4 3 2 3 3 3
          234       1 4 3 4 3 1 4 3 2 3 3 4 4 2 3 1 1 4 3 4 4 1 4 4 0 3 3 4
          235       5 0 0 0 0 5 4 0 0 0 5 4 3 0 4 4 4 0 0 0 2 1 1 5 5 4 4 4
          236       2 3 4 3 3 0 2 3 4 2 1 4 5 2 3 2 2 3 2 3 4 1 2 4 1 2 2 3
          237       2 2 3 3 3 0 2 3 3 0 3 4 4 1 2 3 2 4 2 5 2 0 3 3 2 0 5 5
          238       1 4 2 4 2 1 3 3 2 1 2 4 4 2 3 2 3 3 3 4 4 2 4 4 2 1 3 4
          239       3 4 5 3 5 0 1 4 4 4 1 2 5 4 4 5 4 4 3 2 0 5 4 5 1 4 4 5
          240       1 4 3 3 2 2 5 4 4 3 4 4 5 3 1 2 1 4 3 3 3 3 5 4 1 2 3 3
          241       1 4 3 4 1 0 3 4 4 3 1 3 5 4 1 1 1 4 3 4 3 4 4 3 0 1 2 3
          242       0 5 4 5 4 0 0 5 4 3 2 3 5 0 5 3 1 2 3 1 3 1 5 5 0 0 2 3
          243       2 3 3 2 2 1 3 4 4 2 4 5 4 2 3 3 3 4 1 4 3 2 5 5 2 3 4 3
          244       1 4 4 4 2 1 2 3 2 2 4 3 4 4 3 3 3 3 4 3 3 3 5 4 2 2 1 3
          245       2 4 3 3 2 1 3 3 3 1 3 4 5 2 3 4 4 3 2 3 4 4 5 3 1 2 2 4
          246       1 4 3 4 2 1 3 2 3 3 4 3 5 2 3 3 3 3 3 3 3 3 4 4 1 3 2 3
          247       1 4 4 4 3 1 4 4 4 4 1 4 4 2 1 1 2 5 4 5 3 1 4 4 1 0 4 3
          248       1 3 4 3 3 1 2 4 3 0 1 4 4 3 3 3 3 4 3 4 3 2 5 4 0 1 3 4
          249       1 4 3 4 4 2 2 3 3 3 3 4 4 2 3 2 4 2 2 1 4 4 4 4 3 1 1 3
          250       1 2 3 3 4 2 3 2 1 3 3 4 4 1 1 0 4 1 3 4 4 1 3 0 2 3 3 3
          251       0 5 5 5 5 0 0 5 0 5 0 5 5 0 0 5 0 5 0 5 5 0 5 5 0 0 5 5
          252       1 4 3 3 2 2 2 3 3 0 4 4 4 1 5 3 4 2 2 3 2 4 3 4 1 1 4 3
          253       0 4 5 4 4 0 0 5 5 4 3 5 5 4 1 0 1 4 5 4 5 1 5 5 0 2 3 5
          254       5 0 0 1 3 4 4 2 2 1 5 4 5 1 4 4 5 4 1 4 2 4 1 3 2 5 4 2
          255       5 1 3 2 3 2 4 3 4 2 4 2 5 1 4 4 4 2 2 2 4 1 5 5 1 4 4 4
          256       2 3 4 3 4 0 3 4 4 2 3 5 4 3 1 3 3 5 1 4 3 2 4 3 1 0 3 4
          257       2 3 4 3 2 3 3 2 2 1 2 4 4 2 2 2 4 3 1 3 3 3 3 3 1 2 3 2
          258       0 3 5 3 3 3 0 5 3 4 5 5 5 4 4 5 5 1 2 1 4 3 5 5 0 0 2 4
          259       2 3 2 2 3 3 3 3 2 2 2 3 3 3 2 3 2 2 2 2 2 3 3 2 3 2 2 2
          260       1 2 3 2 3 3 2 3 2 4 3 2 2 2 3 2 1 2 3 1 3 2 2 3 3 2 3 3
          261       2 3 4 3 4 1 1 4 4 3 1 4 4 1 3 1 3 4 4 2 4 3 5 4 2 3 4 3
          262       1 4 3 4 3 1 2 3 3 2 3 4 5 3 1 3 1 4 3 4 4 2 4 3 1 2 3 4
          263       0 5 4 2 5 0 0 4 4 5 2 5 5 1 1 0 3 4 5 3 5 0 5 4 0 1 3 5
          264       2 3 3 3 2 1 1 2 3 2 3 4 4 0 1 1 3 3 4 3 3 4 4 4 1 1 1 3
          265       5 5 5 5 5 5 2 4 0 5 2 2 5 1 0 1 3 5 5 5 1 0 5 5 0 0 1 5
          266       1 2 4 3 2 3 4 4 4 3 4 4 1 5 5 4 5 4 4 2 5 4 3 5 1 4 4 3
          267       1 4 4 4 4 1 3 3 3 4 3 4 4 4 3 3 4 4 3 4 3 4 4 4 2 0 1 4
          268       2 3 3 3 3 1 3 3 3 4 3 4 3 1 3 2 2 4 3 3 3 4 4 3 2 2 4 3
          269       0 3 1 2 2 0 1 1 3 0 3 4 5 0 1 1 1 4 1 4 3 2 5 5 1 3 3 2
          270       1 5 2 4 2 2 2 3 3 2 5 4 5 4 4 4 2 2 2 2 4 2 4 4 3 2 4 3
          271       0 4 4 5 3 1 3 3 3 4 1 4 4 2 1 2 1 4 3 4 3 3 5 4 2 1 2 2
          272       4 4 3 3 4 2 5 3 4 3 3 4 4 4 3 5 2 2 2 4 3 4 4 3 4 2 2 3
          273       0 4 3 3 2 0 1 5 5 1 1 4 5 4 3 3 5 5 4 5 3 1 5 5 0 0 1 5
          274       2 2 4 2 3 1 1 4 3 2 2 4 5 4 3 4 4 4 3 3 1 3 4 4 1 1 3 4
          275       0 4 4 3 1 1 0 4 4 0 1 3 5 2 3 2 4 3 2 3 2 3 4 4 0 0 0 5
          276       0 4 4 3 5 0 2 5 4 4 0 5 5 0 3 0 3 5 4 5 0 0 5 5 0 0 0 5
          277       1 5 3 4 4 0 3 4 4 3 1 4 5 2 1 2 1 4 4 4 3 4 4 5 1 0 4 4
          278       1 4 4 4 4 1 3 4 4 4 3 4 4 4 3 1 4 3 4 4 1 3 4 4 4 1 1 4
          279       5 3 3 0 0 4 3 2 3 2 5 3 5 0 4 4 1 0 2 0 2 0 4 3 4 3 3 3
          280       1 4 4 4 3 1 1 4 4 3 1 4 4 4 1 2 3 4 3 4 4 3 4 4 1 1 4 3
          281       1 4 2 3 3 1 3 4 4 2 3 4 4 1 3 4 3 2 3 1 4 1 4 4 2 1 1 4
          282       2 3 3 3 3 0 3 2 3 3 3 4 4 3 2 4 3 3 3 3 4 3 3 3 1 3 3 3
          283       2 4 4 2 3 1 3 4 4 3 3 4 4 1 4 3 2 2 3 1 4 2 4 4 1 2 3 5
          284       1 3 3 3 2 2 3 4 4 2 4 5 4 2 1 3 4 4 3 4 4 3 4 4 3 3 4 4
          285       0 4 5 3 3 0 4 5 5 2 2 5 5 2 2 1 1 5 3 4 3 2 5 5 0 3 4 5
          286       1 5 4 5 3 3 3 5 4 3 5 4 5 1 2 5 3 5 2 4 5 4 5 5 1 2 0 4
          287       1 3 4 4 4 0 3 4 4 1 1 4 4 3 0 3 1 5 3 4 4 4 5 3 2 2 3 3
          288       0 1 5 5 5 0 0 5 5 4 0 4 5 1 0 3 4 5 3 4 4 0 5 5 0 0 0 5
          289       4 1 3 3 4 4 4 4 1 3 4 4 4 2 1 1 3 3 4 3 4 4 4 3 1 1 3 4
          290       0 5 4 4 3 0 4 3 3 4 4 4 4 2 3 4 3 3 3 3 4 4 4 4 2 3 4 4
          291       1 5 3 5 3 2 0 4 5 1 3 5 5 0 3 2 1 2 4 0 0 3 5 5 2 4 3 3
          292       2 4 2 3 4 1 5 4 3 2 2 4 5 1 0 1 4 4 4 5 4 3 5 1 1 1 2 4
          293       1 4 4 4 4 1 4 3 3 3 2 3 5 3 1 2 3 4 3 4 3 3 4 3 1 1 1 4
          294       1 2 2 3 1 2 2 2 3 2 3 4 4 3 2 2 3 3 2 3 3 3 3 3 1 2 3 3
          295       2 4 4 3 3 2 2 3 4 3 2 3 4 4 2 2 2 4 4 4 3 4 5 4 2 1 3 4
          296       2 4 4 2 3 3 3 3 2 3 2 3 4 2 3 2 2 5 3 2 3 2 4 4 2 1 3 4
          297       3 4 3 2 1 5 3 2 2 0 5 5 5 5 3 2 5 3 1 2 2 3 3 3 3 3 4 1
          298       1 4 4 4 3 1 4 2 4 4 2 4 4 4 1 1 1 4 3 4 4 2 4 4 1 2 2 4
          299       1 5 4 5 1 1 4 3 4 5 3 4 5 3 1 4 4 4 4 1 5 4 5 4 2 4 4 5
          300       1 4 3 4 1 1 1 4 4 0 2 4 5 1 1 3 1 4 1 4 3 3 4 4 1 1 1 4
          301       1 4 4 3 3 0 1 4 4 3 3 3 3 2 2 3 2 4 3 3 2 1 4 4 1 3 4 4
          302       2 3 3 3 3 2 2 3 3 2 2 3 3 3 2 2 2 3 3 3 3 2 4 4 2 2 2 3
          303       2 4 2 3 2 2 2 4 3 2 2 3 4 2 1 3 2 5 3 5 3 1 4 4 2 1 2 4
          304       2 3 4 3 3 3 2 4 4 2 3 4 4 2 3 2 2 4 3 4 3 4 5 2 2 4 4 4
          305       4 1 3 1 0 5 2 2 3 0 3 5 4 2 4 4 1 0 4 0 0 1 3 4 1 5 1 1
          306       4 3 0 2 0 4 5 3 1 1 5 3 4 1 2 3 3 2 3 2 2 1 4 5 3 3 3 3
          307       2 2 3 2 3 2 2 3 2 3 2 2 2 2 3 2 2 3 4 3 3 2 3 2 3 2 2 3
          308       0 5 3 5 5 0 2 5 4 2 3 5 5 3 3 5 4 5 1 3 4 3 4 5 0 0 3 5
          309       2 4 4 4 4 1 4 4 5 3 3 5 5 4 4 4 3 5 4 5 4 3 5 4 1 0 3 4
          310       2 3 2 3 2 2 2 2 1 2 3 2 4 2 4 3 2 3 2 2 3 2 4 4 2 2 2 3
          311       3 4 2 3 3 1 3 4 4 4 3 3 3 4 3 4 3 3 3 4 4 3 4 4 3 1 4 4
          312       2 3 3 3 2 3 3 2 3 0 3 4 4 2 2 4 3 4 2 3 3 2 4 4 1 2 1 4
          313       2 2 2 2 3 0 1 4 3 0 3 4 3 2 4 3 3 3 3 5 4 2 4 4 2 2 2 4
          314       3 4 3 4 1 4 4 2 2 2 5 3 5 2 1 4 2 4 4 3 4 5 3 3 3 0 4 4
          315       3 3 3 1 1 1 3 1 2 1 2 3 2 1 3 4 2 2 3 2 3 1 3 2 2 2 3 3
          316       0 2 2 4 2 4 3 2 3 0 4 1 4 0 5 4 2 3 2 2 4 4 4 3 4 1 1 2
          317       1 4 4 5 4 0 1 4 4 3 4 4 5 3 1 4 4 4 4 5 4 1 5 5 1 1 0 4
          318       3 3 3 2 2 2 3 3 3 3 2 3 4 2 1 3 3 3 2 3 3 3 3 3 2 2 2 3
          319       3 3 4 1 3 1 4 5 3 3 3 4 4 2 2 1 4 4 3 3 0 4 4 4 0 0 2 4
          320       1 4 3 3 3 1 3 3 3 3 3 0 5 1 3 3 3 3 3 3 3 2 5 4 1 3 2 4
          321       0 5 5 5 4 0 1 5 5 5 1 4 5 5 0 1 4 5 3 5 4 3 5 5 0 0 0 5
          322       2 3 3 3 3 1 3 3 3 3 3 4 4 3 2 3 2 4 3 4 3 4 3 3 2 1 3 4
          323       4 2 2 2 1 0 2 2 5 5 3 5 2 1 4 4 2 2 3 4 5 5 1 3 1 2 0 2
          324       2 4 3 3 2 1 4 2 2 2 4 4 4 2 2 3 4 3 4 2 4 4 4 3 2 3 3 3
          325       3 3 3 3 2 3 3 3 2 3 2 2 3 2 2 2 2 2 2 3 3 3 3 3 3 2 2 3
          326       1 4 3 3 3 1 3 4 4 2 1 5 5 4 3 3 3 3 3 3 4 3 4 4 1 1 2 4
          327       1 4 4 4 3 1 4 4 4 4 1 4 4 4 1 3 1 4 4 4 3 3 4 4 2 1 4 4
          328       1 3 3 3 3 2 1 4 4 4 3 4 5 3 1 3 2 2 3 2 3 2 4 4 1 3 3 2
          329       1 3 4 3 3 1 4 4 4 3 1 4 4 3 1 2 1 4 4 4 4 4 4 4 1 1 3 4
          330       1 3 4 4 4 2 4 4 4 4 2 5 5 4 5 2 1 2 4 2 4 4 4 4 1 1 2 4
          331       1 3 2 3 3 2 0 2 4 0 2 5 5 0 5 1 4 3 1 3 2 3 5 5 0 0 2 4
          332       4 2 3 2 2 2 4 3 4 5 5 5 4 1 4 3 4 1 1 1 0 5 4 3 4 5 3 2
          333       1 3 3 3 2 0 0 4 3 4 3 5 5 3 2 1 2 4 3 2 3 3 5 5 1 1 1 3
          334       1 3 4 3 2 2 2 4 4 0 2 4 4 3 4 4 4 2 2 2 4 4 5 5 2 3 2 4
          335       1 4 2 3 4 1 3 3 4 4 4 1 4 1 3 3 2 3 1 3 4 4 3 1 1 3 3 3
          336       3 2 3 3 3 4 3 3 3 3 2 2 3 4 4 4 3 2 2 2 2 4 3 2 3 3 4 4
          337       1 4 4 4 3 1 2 4 4 4 2 3 4 3 2 3 2 4 4 3 4 2 4 4 1 2 3 4
          338       1 5 3 2 3 1 4 3 4 3 5 4 4 1 2 3 2 3 3 3 2 4 2 2 1 4 4 2
          339       0 3 5 5 3 0 2 5 4 0 1 5 5 0 5 2 0 3 4 4 4 3 5 5 0 1 2 5
          340       1 4 3 4 1 0 1 4 2 2 4 3 4 1 1 3 1 4 1 3 2 1 3 4 0 1 2 4
          341       2 3 2 2 2 3 2 2 4 1 5 4 5 2 3 4 3 4 3 3 4 3 4 4 2 2 1 1
          342       3 0 0 0 0 5 4 1 0 0 5 1 3 0 5 3 3 0 0 0 3 4 4 2 3 5 3 3
          343       2 2 1 3 2 4 2 0 1 1 3 5 4 0 3 2 2 3 3 3 2 3 5 4 1 2 1 2
          344       2 3 3 3 3 1 2 3 3 4 3 3 4 2 1 3 1 4 4 3 4 3 4 4 1 1 2 4
          345       1 5 5 4 3 0 1 1 1 4 1 5 5 1 3 3 0 4 3 3 4 0 4 5 1 1 1 3
          346       1 4 3 4 3 1 2 3 3 4 3 3 5 1 1 1 1 4 4 4 4 4 4 4 1 1 1 3
          347       2 4 4 3 3 1 4 3 2 3 0 4 5 4 1 1 0 5 2 4 3 2 2 5 0 0 3 5
          348       4 3 4 2 3 4 3 3 3 3 3 3 4 1 1 3 3 4 2 3 3 3 4 4 1 4 3 3
          350       2 4 4 4 4 3 3 4 4 3 4 3 4 4 1 3 2 3 4 4 3 4 4 4 1 2 5 4
          351       2 3 3 3 3 2 2 2 2 3 3 4 4 3 4 3 3 4 3 4 3 3 5 3 1 1 2 3
          352       0 3 3 5 0 4 4 5 5 0 5 5 5 0 3 5 5 3 0 2 3 5 0 5 2 3 3 4
          353       2 3 2 2 2 1 5 3 3 2 4 5 3 2 3 3 3 2 2 1 3 4 4 3 3 3 3 3
          354       2 3 2 3 0 4 5 3 3 0 3 3 5 3 4 4 2 2 0 0 3 3 2 4 3 5 4 5
          355       2 3 3 2 2 2 2 3 3 2 3 3 3 3 3 3 2 3 3 2 3 3 3 3 2 3 2 2
          356       0 4 5 5 4 0 4 4 4 3 2 4 4 4 2 1 3 5 4 4 5 4 5 4 1 4 3 4
          357       1 5 4 4 3 0 0 4 4 3 4 3 5 3 0 0 5 5 4 5 4 3 5 1 0 0 0 5
          358       0 3 2 0 3 3 2 4 3 2 0 4 3 3 1 4 3 3 1 1 3 3 5 4 3 1 3 3
          359       3 3 3 2 3 1 3 2 2 3 3 5 4 1 3 3 4 3 3 3 3 2 5 3 1 4 4 3
          360       1 3 3 3 3 1 2 2 3 2 5 4 4 1 2 4 4 4 3 4 3 3 5 4 1 3 2 3
          361       1 4 5 4 4 1 4 5 5 4 4 4 4 5 4 0 4 5 4 5 5 3 5 4 1 1 4 5
          362       1 3 3 3 0 5 3 0 0 3 0 5 5 0 3 3 3 4 2 3 3 2 3 3 2 3 3 5
          363       3 2 4 2 2 2 2 5 5 4 1 3 5 5 3 3 3 4 3 4 3 4 5 5 0 0 1 5
          364       4 2 0 2 2 4 0 4 1 1 4 1 0 1 5 5 4 5 5 5 4 4 3 2 3 1 5 5
          365       1 4 3 4 3 0 1 2 3 0 2 5 5 1 0 3 0 5 4 5 4 5 5 5 1 1 4 4
          366       3 3 5 4 3 2 4 4 4 3 3 4 4 3 3 4 4 3 4 3 4 4 2 4 4 4 5 4
          367       3 4 4 1 4 2 2 3 4 3 4 5 4 3 3 3 4 4 3 4 2 3 3 5 3 4 3 2
          368       1 3 3 2 1 2 3 4 4 1 3 5 4 5 4 4 4 2 1 1 3 2 4 4 1 2 3 4
          369       2 3 3 3 3 2 2 3 4 4 3 2 3 2 3 3 3 3 3 2 3 2 3 3 3 2 2 2
          370       1 4 4 3 4 1 2 5 4 3 2 4 5 3 1 1 2 4 3 4 3 1 3 4 1 2 2 4
          371       1 4 3 4 3 1 1 3 4 3 3 4 4 1 3 1 1 1 3 1 2 4 4 4 1 1 2 1
          372       2 3 4 3 1 3 1 4 3 1 3 4 3 1 4 2 2 4 3 4 1 1 4 3 2 3 4 3
          373       1 3 3 3 3 1 3 3 3 3 3 3 4 3 3 3 3 3 3 3 3 3 3 3 2 2 3 3
          374       0 5 3 2 0 0 0 5 5 4 2 1 5 3 2 5 1 0 1 0 2 2 5 3 0 5 3 0
          375       3 0 4 0 0 0 0 5 4 0 3 5 5 0 5 0 0 0 0 3 0 0 3 4 0 3 5 5
          376       0 4 5 5 4 0 0 5 4 4 0 4 4 4 0 4 1 5 4 5 1 2 5 5 0 0 0 4
          377       1 2 4 4 2 1 2 4 4 1 1 2 5 4 3 3 3 2 2 1 4 3 4 4 1 2 1 3
          378       2 5 5 4 4 2 1 5 4 5 3 4 5 1 2 4 2 5 3 4 4 0 5 5 1 0 3 5
          379       1 5 4 4 2 3 2 2 3 1 3 5 3 2 3 4 3 1 3 2 2 4 2 4 2 4 3 3
          380       4 3 4 3 4 2 2 4 4 4 4 5 5 2 2 1 4 4 4 4 4 1 4 4 4 4 4 4
          381       1 5 4 5 5 0 3 4 4 4 2 5 4 3 3 3 4 5 4 5 4 3 4 5 1 0 1 5
          382       2 3 4 4 5 0 3 4 4 4 3 2 4 1 0 1 3 5 4 4 4 1 5 5 1 3 3 5
          383       3 4 2 4 3 1 4 4 2 4 4 4 4 4 4 4 4 1 3 1 4 4 3 4 4 1 4 4
          384       4 3 4 2 4 2 2 5 5 3 5 3 5 5 5 4 3 2 5 1 3 4 4 2 1 1 3 5
          385       2 4 5 4 3 1 3 4 5 1 0 4 5 4 0 3 4 3 5 3 5 5 5 5 2 4 5 4
          386       3 3 3 2 3 1 3 2 2 3 3 3 4 1 3 3 2 2 2 2 2 1 3 4 3 3 3 3
          387       0 5 3 3 3 0 2 3 3 5 3 5 5 2 2 3 3 3 3 3 5 2 4 3 2 2 3 5
          388       1 3 3 3 1 2 2 4 3 2 3 4 5 4 3 3 3 3 2 3 3 2 4 3 0 3 2 3
          389       0 4 3 4 1 2 1 1 3 4 2 4 5 1 2 1 1 3 3 3 4 3 5 4 1 1 0 4
          390       1 5 3 4 3 1 3 3 3 2 3 4 5 3 4 2 2 4 1 2 4 1 5 5 2 1 3 4
          391       2 3 3 2 3 3 3 4 4 4 2 5 4 4 2 4 5 4 3 4 4 3 5 4 1 1 3 3
          392       0 4 5 4 3 1 1 3 3 4 3 4 5 1 1 4 4 4 2 4 3 3 5 4 1 0 1 3
          393       2 4 4 4 3 0 3 4 4 1 4 5 5 1 3 4 1 3 2 3 4 4 5 5 2 1 2 4
          394       2 4 4 3 4 2 4 5 4 3 0 3 5 3 1 3 3 4 3 4 3 2 4 3 2 0 3 4
          395       1 4 3 4 3 1 3 3 3 2 3 4 4 2 2 2 3 3 3 3 4 4 2 4 2 2 3 4
          396       2 4 3 3 4 3 4 3 4 2 2 2 3 3 3 4 4 3 3 3 3 3 3 4 3 3 3 4
          397       0 4 4 4 2 3 4 4 4 4 2 4 4 4 4 3 4 4 2 4 3 4 4 3 1 2 4 5
          398       1 4 2 4 3 0 3 3 2 3 3 5 5 3 4 1 3 4 3 4 4 4 5 4 1 0 3 3
          399       1 4 4 4 4 0 1 4 4 3 3 4 4 4 3 1 4 2 4 1 4 3 4 4 1 2 3 3
          400       2 3 2 3 2 3 4 1 1 1 4 3 4 3 3 4 2 2 2 2 2 4 2 4 4 4 5 3
          401       0 5 5 5 5 0 0 5 5 5 5 5 5 5 3 3 0 5 5 5 5 0 5 5 0 0 0 5
          402       2 2 4 3 2 1 4 4 4 2 2 5 5 4 2 4 3 4 1 4 4 4 2 4 1 3 3 5
          403       1 4 3 4 2 3 4 4 3 4 3 4 5 3 4 4 1 4 3 4 4 3 4 5 4 3 4 4
          404       1 5 5 4 5 0 3 4 3 5 2 3 4 3 1 3 0 3 4 3 2 3 4 4 1 0 1 4
          405       3 3 3 2 2 1 0 3 3 4 2 5 4 0 0 3 4 5 3 5 3 3 5 5 0 0 2 5
          406       2 3 3 3 4 1 2 4 4 3 2 4 4 2 2 2 3 3 3 3 3 4 4 4 2 2 3 2
          407       3 2 2 3 2 2 2 3 2 3 3 3 2 3 3 3 3 3 3 3 2 3 3 2 3 3 3 3
          408       1 3 4 4 3 1 1 4 3 1 2 4 3 3 2 3 3 3 4 3 3 3 5 4 1 0 1 4
          409       3 2 3 3 2 1 2 4 4 1 3 4 5 3 4 4 3 1 3 1 2 2 2 4 1 1 2 4
          410       0 5 4 5 4 0 2 1 2 5 1 4 5 2 1 2 5 5 4 4 3 4 5 5 1 1 3 4
          411       2 4 3 3 4 0 1 3 4 3 4 4 5 1 0 3 3 4 4 4 2 2 5 5 1 3 0 5
          412       3 3 3 3 2 1 2 2 2 4 4 3 3 3 1 2 2 2 2 3 3 2 1 2 2 3 1 2
          413       0 5 5 4 4 0 4 5 5 3 0 5 5 4 5 0 4 0 4 0 1 3 4 4 0 3 4 5
          414       1 3 4 3 3 0 0 4 4 2 2 4 5 3 2 4 1 3 2 2 1 1 4 3 1 2 4 4
          415       0 0 5 5 4 0 5 5 5 4 5 5 5 4 5 5 5 1 5 1 0 5 2 4 1 3 4 4
          416       0 5 4 5 5 2 3 4 4 5 5 5 4 1 1 1 1 4 5 5 4 2 4 5 1 3 3 4
          417       2 4 2 3 4 1 1 5 5 4 4 4 5 4 1 4 4 4 1 3 4 1 5 5 1 5 3 4
          418       3 3 3 2 3 4 3 4 3 4 2 3 3 2 4 3 2 3 3 3 4 1 4 3 3 3 4 3
          419       1 4 4 3 4 1 4 4 4 1 2 5 5 4 3 4 4 5 5 4 4 4 4 5 1 1 5 4
          420       2 3 3 3 3 2 1 4 3 1 4 3 3 2 3 3 3 2 3 2 4 3 3 4 3 2 1 3
          421       2 3 3 3 2 2 3 4 4 2 3 4 4 3 3 3 3 3 3 2 4 3 4 4 0 1 3 3
          422       2 4 3 2 2 3 4 5 5 4 5 4 5 1 1 5 4 4 4 4 5 4 5 4 4 3 5 4
          423       1 4 4 4 5 0 2 4 4 4 2 4 4 2 3 3 4 3 3 3 4 1 4 4 1 1 4 4
          424       0 5 4 5 2 0 0 5 5 5 2 5 5 0 2 0 0 4 2 4 0 1 5 5 0 0 0 5
          425       2 3 4 3 4 1 3 5 4 4 2 4 5 4 2 4 4 3 4 4 4 3 4 4 2 3 2 5
          426       3 1 2 1 1 4 3 1 1 1 3 4 3 0 5 3 4 2 1 1 3 3 4 5 3 3 3 2
          427       0 4 2 5 5 5 5 5 5 2 5 5 5 5 4 3 4 2 3 0 4 4 5 3 1 5 5 4
          428       1 1 5 4 5 0 1 5 5 3 3 4 5 0 3 2 1 3 5 4 3 2 5 5 3 0 3 5
          429       1 4 4 4 4 0 1 4 4 3 2 4 5 4 3 1 2 3 4 3 2 1 4 4 2 1 2 3
          430       3 4 4 1 2 2 2 1 2 2 2 3 2 2 2 3 3 2 2 3 2 3 2 3 2 3 3 2
          431       1 4 3 2 2 3 2 3 2 3 1 3 4 2 2 2 2 3 2 2 2 3 3 2 1 1 2 2
          432       1 3 3 3 3 1 3 4 4 3 2 4 3 2 3 3 2 3 3 3 3 2 3 3 2 1 3 3
          433       3 3 3 3 2 3 3 3 2 3 3 2 3 3 3 3 3 3 3 3 3 3 3 3 3 3 3 3
          434       3 2 2 2 2 3 3 2 3 2 3 4 4 2 3 4 3 2 2 1 3 4 4 3 2 3 2 2
          435       4 2 3 2 0 0 2 2 2 2 3 3 5 2 3 0 2 3 0 3 0 0 3 3 1 0 0 5
          436       3 2 3 2 2 2 3 3 3 1 3 4 3 2 3 4 4 3 2 2 3 2 3 4 1 3 4 3
          437       2 4 3 4 3 2 3 3 4 3 2 4 4 3 2 3 3 3 2 3 3 3 4 4 1 2 4 3
          438       1 3 1 3 2 1 1 1 1 0 1 4 4 2 3 1 4 3 1 1 3 1 3 4 1 1 3 4
          439       0 5 3 5 1 2 4 3 4 3 2 5 5 5 3 5 3 3 3 4 1 5 2 3 1 2 3 4
          440       1 4 3 4 3 0 2 3 3 3 2 3 5 1 3 1 3 2 3 1 3 1 5 4 0 1 0 3
          441       1 4 4 3 3 2 2 2 4 2 4 4 5 3 4 4 5 2 1 1 3 4 4 3 3 4 4 5
          442       3 4 2 2 3 4 2 4 2 1 4 3 2 3 2 4 3 3 2 3 3 2 3 2 3 3 3 2
          443       3 2 3 2 4 3 4 3 2 3 4 4 4 2 4 4 3 2 1 1 1 3 4 4 2 4 3 4
          444       1 4 4 3 4 1 1 4 4 1 1 4 4 4 1 4 4 4 3 4 4 4 4 4 1 1 2 4
          445       2 3 4 3 3 1 2 3 4 1 3 4 3 1 1 4 2 4 4 4 3 4 4 4 2 3 2 3
          446       1 3 4 4 3 1 4 4 4 2 3 4 4 4 2 3 3 4 4 4 3 3 2 4 2 1 4 3
          447       3 4 4 3 3 1 4 3 3 4 3 3 5 4 5 4 2 1 4 1 4 4 2 3 3 2 3 4
          448       1 4 4 4 4 0 3 4 3 3 4 4 5 3 3 3 3 5 4 4 4 4 5 5 0 0 3 5
          449       0 5 4 5 4 0 4 4 4 2 0 4 4 1 4 4 0 4 4 4 3 1 5 5 0 0 0 4
          450       2 3 3 3 2 2 3 3 3 3 3 3 4 3 2 2 4 4 2 3 3 3 4 3 2 3 3 3
          451       1 4 3 3 3 1 4 4 3 3 3 3 4 4 1 4 4 1 1 1 4 4 4 3 1 1 1 2
          452       1 3 3 5 4 1 3 4 4 4 4 5 5 3 4 3 2 4 4 5 4 4 4 4 1 2 3 4
          453       0 1 4 4 3 0 2 4 4 4 1 4 4 3 2 3 2 4 3 4 3 3 4 3 1 0 2 4
          454       1 4 3 4 3 3 1 4 4 4 3 2 4 3 1 4 3 4 3 4 4 3 5 3 2 2 3 3
          455       1 2 4 4 3 2 1 3 3 3 2 4 5 4 4 4 3 2 3 2 3 3 4 3 1 1 3 3
          456       0 5 5 5 5 0 0 5 5 5 5 5 5 0 3 5 0 5 5 5 0 1 5 5 3 2 3 0
          457       2 3 2 3 2 2 3 3 3 2 2 2 3 3 3 3 2 2 3 3 2 2 3 3 2 2 3 3
          458       3 3 4 2 3 2 3 4 4 1 4 4 4 1 2 4 4 4 2 4 4 2 4 4 3 4 4 3
          459       1 2 3 3 4 2 0 2 3 5 1 5 4 1 1 2 4 3 3 2 4 1 5 4 0 0 0 4
          460       1 3 4 4 3 1 1 4 3 4 2 4 4 4 1 2 1 5 3 5 4 1 4 5 0 3 3 3
          461       4 4 2 4 3 0 3 4 3 2 3 4 5 5 4 3 4 3 3 2 3 2 4 4 2 3 4 4
          462       2 4 3 3 4 2 3 4 4 3 3 3 3 3 2 1 1 4 3 4 4 3 3 3 2 2 4 4
          463       4 3 3 3 4 3 4 3 3 3 2 4 3 3 3 4 3 4 3 4 3 4 3 4 4 3 3 4
          464       3 1 3 3 1 3 5 1 2 1 4 4 3 0 3 4 4 3 3 2 3 2 3 3 1 4 4 5
          465       1 5 4 4 3 0 0 4 3 4 0 4 5 1 4 4 4 4 3 3 4 3 5 4 0 0 4 4
          466       2 3 2 3 1 3 3 2 2 2 3 3 3 2 4 3 3 4 2 3 0 3 2 3 3 3 3 3
          467       3 3 3 3 4 1 3 4 3 3 1 3 5 3 2 3 3 4 2 4 3 3 3 4 2 1 2 4
          468       1 5 4 5 1 0 3 5 5 4 2 4 4 1 3 5 4 4 5 2 3 2 5 4 1 3 4 5
          469       3 3 4 2 4 1 4 4 4 4 3 4 4 3 2 3 3 4 3 4 4 4 4 4 2 2 3 4
          470       2 3 4 3 2 2 4 4 4 2 3 4 5 2 2 3 1 3 3 3 4 4 5 5 3 3 3 5
          471       0 1 4 4 3 1 0 2 2 4 3 5 5 1 4 3 0 2 3 2 2 1 5 3 0 3 2 3
          472       3 2 2 2 2 2 3 3 2 2 2 4 4 2 2 2 3 3 2 3 2 2 4 4 2 3 3 4
          473       1 4 4 3 3 0 2 5 4 5 3 4 5 4 1 2 3 5 5 5 4 3 4 4 1 2 3 3
          474       2 3 3 3 1 0 3 5 4 3 3 5 5 2 4 3 3 3 1 3 5 2 5 5 0 2 4 4
          475       1 4 4 3 3 1 4 4 4 3 1 5 5 5 2 4 3 3 3 3 5 5 5 4 0 1 4 4
          476       2 2 4 0 2 1 4 4 4 1 4 4 4 3 4 0 4 1 1 1 2 2 4 5 2 2 3 4
          477       1 4 5 5 1 1 1 4 5 5 3 4 5 5 5 2 1 5 4 5 1 1 4 5 0 0 3 4
          478       2 4 3 4 3 2 4 2 1 2 5 4 4 2 4 3 4 2 0 2 4 3 4 4 2 0 3 3
          479       0 2 2 4 1 3 3 2 3 1 1 5 4 2 2 3 3 4 2 3 2 4 3 4 1 1 1 3
          480       2 4 5 3 4 3 3 4 5 3 2 4 5 4 3 5 3 4 5 4 4 4 4 5 2 1 1 5
          481       2 3 3 2 2 1 1 3 4 0 3 4 4 2 5 2 3 1 2 1 1 4 4 4 1 1 3 4
          482       1 4 4 4 3 3 4 4 4 2 3 4 5 5 3 3 4 3 3 2 3 3 5 4 2 3 4 5
          483       2 3 4 3 2 1 3 3 3 3 3 4 5 4 4 4 3 3 3 3 4 4 3 4 2 1 3 5
          484       3 2 3 1 4 0 4 3 4 2 3 5 5 0 3 3 3 3 4 3 4 4 5 5 0 3 0 4
          485       1 2 3 1 1 1 2 4 4 0 3 5 4 1 2 4 3 3 3 2 4 3 5 4 1 1 4 3
          486       3 2 4 2 2 3 3 3 1 3 4 3 4 2 2 3 1 3 3 2 2 2 3 2 1 2 1 2
          487       2 4 4 2 3 2 4 4 4 4 4 5 3 1 2 2 3 4 4 5 4 3 4 4 1 3 3 4
          488       4 4 3 3 3 1 4 3 1 4 3 3 5 2 3 4 4 3 4 4 4 2 4 5 1 3 3 3
          489       1 4 4 5 3 2 0 4 4 4 3 4 5 4 4 4 3 3 2 2 3 4 5 5 0 3 3 3
          490       3 3 4 3 3 5 4 4 3 3 3 4 4 4 3 3 4 3 3 3 3 4 3 4 3 3 3 4
          491       0 5 3 5 3 2 1 3 4 3 2 4 5 2 3 3 3 3 2 3 3 4 4 5 1 1 2 4
          492       1 4 5 5 5 0 1 4 4 4 1 4 5 3 3 1 3 3 3 1 4 1 5 5 0 0 3 5
          493       0 5 2 4 4 1 4 5 4 5 2 4 5 0 0 2 0 5 4 5 1 2 5 5 0 4 4 4
          494       2 3 2 3 3 2 2 2 2 2 3 4 3 1 2 2 2 2 2 2 2 3 4 2 2 3 4 1
          495       0 1 3 4 5 0 1 5 5 5 0 4 5 4 0 1 0 5 5 5 5 1 5 5 0 0 0 5
          497       3 2 2 0 3 1 2 1 2 3 4 3 4 0 1 3 4 3 1 3 4 2 3 4 2 1 2 3
          498       3 3 4 4 4 0 0 3 3 5 1 4 5 1 5 1 1 1 1 1 3 3 5 5 0 0 0 5
          499       2 3 3 2 2 4 3 2 2 2 3 2 4 2 4 3 3 2 2 2 3 2 4 3 2 1 2 3
          500       1 3 5 3 3 1 1 3 4 4 1 4 5 4 1 1 1 4 4 3 3 4 5 3 1 0 1 4
          501       1 4 4 4 4 0 1 4 4 3 3 3 5 4 1 1 3 4 4 5 4 2 4 4 1 0 4 3
          502       1 5 4 3 4 0 0 4 3 4 3 4 5 3 2 1 1 3 3 4 4 3 5 5 1 0 4 5
          503       1 4 4 5 3 2 4 4 4 2 3 5 5 3 1 5 4 3 2 2 4 3 5 4 0 3 4 3
          504       0 5 5 5 2 0 2 5 3 2 0 5 5 5 1 5 2 5 2 5 1 3 5 5 0 0 3 5
          505       2 2 3 1 2 1 4 3 4 3 3 4 4 3 4 1 3 3 3 5 0 4 5 1 1 1 3 4
          506       1 2 3 3 2 1 4 2 3 1 3 5 2 3 1 3 3 3 4 3 4 3 5 4 2 5 4 2
          507       2 3 3 3 3 2 3 3 3 2 3 3 2 2 3 3 2 3 3 3 3 3 3 3 2 3 3 3
          508       0 1 5 5 5 0 0 5 5 5 4 5 5 5 1 2 1 4 4 5 1 1 5 5 0 0 1 5
          509       2 3 2 2 2 1 3 3 2 1 2 3 5 1 0 1 3 4 1 4 3 2 4 4 1 0 1 3
          510       0 5 3 5 5 0 5 3 4 3 3 2 5 5 0 1 0 5 5 5 5 0 5 5 0 3 1 5
          511       0 4 4 4 4 0 2 3 3 5 2 5 5 3 1 3 3 4 4 4 3 3 5 4 0 0 1 1
          512       1 3 4 5 3 0 3 4 5 5 2 4 5 1 3 3 2 4 2 3 4 3 4 4 1 3 4 5
          513       1 5 4 4 3 0 0 4 4 4 3 4 5 3 1 3 3 5 4 5 4 2 4 4 0 1 3 5
          514       1 4 3 4 1 0 4 4 4 0 3 3 4 1 3 5 3 2 3 2 4 3 4 4 3 2 3 3
          515       5 2 0 0 3 2 2 0 0 0 3 5 5 0 5 0 0 0 3 0 2 3 5 4 0 3 4 5
          516       1 4 3 3 1 1 3 4 4 1 2 3 3 3 3 2 1 4 2 2 4 3 3 4 1 3 3 3
          517       0 4 4 3 2 3 2 4 4 3 3 5 4 4 2 4 2 4 3 3 4 4 5 4 0 3 4 4
          518       2 3 4 2 4 2 4 4 4 4 3 4 4 4 4 3 3 3 2 4 2 3 4 4 2 1 4 4
          519       1 5 1 5 1 3 4 3 4 3 3 4 3 4 4 2 3 2 2 2 4 4 3 4 1 2 4 3
          520       0 5 5 5 2 0 2 4 4 2 2 4 5 2 3 1 4 4 4 4 4 1 5 5 0 0 1 5
          521       1 4 3 3 5 0 0 4 4 3 3 3 5 3 2 1 2 5 5 5 4 4 4 5 1 0 0 5
          522       1 1 3 3 3 0 2 3 3 5 0 3 3 2 1 1 2 3 3 3 3 1 3 4 1 0 1 3
          523       4 4 4 3 4 3 3 4 4 4 4 3 4 5 4 4 3 2 4 3 3 3 4 4 2 1 1 4
          524       0 2 4 5 0 3 3 4 4 3 5 5 5 5 4 3 3 2 1 2 5 5 5 5 0 3 4 5
          525       1 4 5 4 3 1 2 4 5 3 3 3 5 3 2 2 3 4 4 4 4 2 5 3 1 2 4 4
          526       1 5 5 5 5 0 0 5 4 4 4 5 5 0 1 2 4 5 5 5 3 0 5 5 0 1 5 5
          527       5 5 5 5 3 0 5 5 4 0 0 5 5 5 0 5 0 5 5 5 0 5 0 5 0 0 0 5
          528       2 3 3 2 2 2 3 4 4 1 2 3 4 4 2 3 3 3 3 3 3 3 4 3 2 3 3 3
          529       0 5 4 4 4 0 3 3 3 4 3 4 4 3 2 2 3 5 4 5 3 3 5 5 1 1 2 5
          530       2 4 4 4 3 1 2 4 4 4 2 4 5 1 1 1 3 5 4 4 3 2 4 4 1 1 2 4
          531       1 2 3 2 2 1 3 3 3 4 2 4 5 3 4 3 4 4 2 4 2 1 4 5 1 2 3 4
          532       0 5 4 5 2 0 2 5 5 4 2 4 5 4 3 0 3 4 2 5 5 0 5 5 0 0 3 5
          533       1 4 0 1 4 1 1 5 0 1 3 3 3 3 2 4 2 1 1 3 3 2 2 4 4 3 0 2
          534       1 4 2 3 1 3 4 2 3 1 3 3 4 1 4 1 1 1 1 1 3 3 4 3 1 2 1 3
          535       1 4 3 4 4 2 3 4 3 1 3 4 5 3 4 4 3 4 5 3 4 1 4 4 2 3 4 3
          536       0 1 4 3 0 1 4 4 2 4 4 5 3 3 2 4 4 4 4 5 4 4 4 4 2 1 0 3
          537       2 3 4 3 3 3 4 2 3 3 3 4 4 4 3 4 3 4 3 4 4 4 5 4 1 1 4 4
          538       4 5 3 3 1 3 4 4 4 0 5 5 5 3 5 4 5 4 3 2 5 4 5 4 2 2 4 5
          539       4 3 3 3 2 3 2 4 2 4 4 2 2 2 3 3 2 2 2 3 2 2 3 2 2 4 2 2
          540       1 4 5 3 3 3 2 5 3 2 3 3 4 2 4 3 4 3 5 4 4 5 3 3 4 5 4 4
          541       0 4 3 4 3 0 1 3 4 3 3 4 5 2 3 3 3 4 3 3 3 3 5 4 0 0 1 4
          542       3 4 5 4 4 1 3 4 4 5 3 4 5 0 1 1 4 4 4 4 4 2 5 4 0 1 0 4
          543       2 4 3 1 3 3 4 2 1 2 4 1 4 1 4 5 4 3 2 1 4 3 5 3 2 4 3 1
          544       2 2 3 0 0 2 0 3 3 2 1 3 3 3 5 4 2 3 3 3 5 0 2 2 0 2 3 3
          545       1 3 5 2 4 3 1 4 4 2 3 4 5 1 3 4 4 4 5 3 4 4 4 4 3 4 3 4
          546       1 4 4 3 1 1 2 3 1 1 3 3 4 3 3 2 2 2 3 1 3 2 4 4 1 3 3 3
          547       0 2 5 4 4 1 1 3 3 5 1 5 4 2 1 2 0 5 3 5 4 1 4 5 0 1 4 4
          548       1 4 3 4 1 2 3 5 4 2 5 4 4 3 5 2 4 1 4 1 2 3 4 4 1 0 1 3
          549       1 2 5 3 4 1 3 3 4 4 1 3 4 4 1 4 4 4 4 4 4 3 5 4 0 1 3 3
          550       0 4 3 5 4 0 0 5 4 3 0 4 5 4 1 2 4 4 1 4 3 0 5 4 0 1 4 5
          551       1 4 5 4 4 1 1 4 4 3 2 4 4 3 2 3 2 4 3 3 3 4 4 4 2 1 3 4
          552       1 4 5 4 3 1 4 4 4 3 3 5 4 3 2 1 1 5 3 4 4 2 4 4 1 3 3 4
          553       2 2 2 2 1 1 4 3 1 1 3 3 3 2 3 4 3 2 2 1 4 4 4 3 3 4 4 3
          554       0 4 4 4 3 0 1 4 4 3 0 4 4 4 3 3 3 3 4 3 3 4 4 4 0 2 0 4
          555       2 3 3 3 2 3 3 2 2 3 1 4 5 3 4 3 3 3 2 3 4 3 4 4 1 3 3 3
          556       1 4 4 3 3 0 1 4 4 3 1 4 5 3 4 4 4 3 3 3 4 2 4 4 1 2 4 5
          557       1 2 4 2 2 2 3 3 4 2 3 4 5 1 4 4 3 2 4 2 4 2 3 4 3 2 3 3
          558       1 2 3 4 4 3 4 3 3 4 3 5 5 5 1 3 3 5 3 5 1 3 3 4 2 3 3 4
          559       3 1 0 1 1 4 5 1 4 1 4 5 5 0 3 4 4 2 2 1 4 3 4 5 1 3 3 4
          560       2 3 3 3 4 1 2 4 4 4 4 4 5 4 2 2 4 4 4 4 4 2 4 4 1 3 4 4
          561       1 3 4 3 4 0 3 2 4 3 1 4 5 0 1 3 4 1 1 1 4 1 5 4 3 3 1 4
          562       1 4 5 5 3 3 3 4 4 4 2 5 5 2 2 4 3 3 3 1 5 4 5 5 1 3 4 3
          563       3 2 2 2 3 1 2 2 3 3 1 3 4 3 2 3 2 4 2 4 3 2 4 3 1 3 3 4
          564       1 3 5 4 2 1 3 4 4 3 3 5 4 4 1 4 2 4 3 4 4 3 4 4 1 3 3 3
          565       1 3 3 3 3 2 3 3 3 2 2 3 4 3 3 2 3 3 3 3 3 3 3 3 2 2 2 3
          566       1 4 4 4 4 0 0 4 5 1 2 4 5 1 1 0 2 4 4 5 3 1 5 4 1 2 4 5
          567       2 4 4 4 4 3 3 4 5 4 4 4 5 2 3 3 2 4 5 4 4 3 4 4 2 2 3 3
          568       1 4 4 4 4 1 4 4 4 4 4 4 4 2 3 3 4 3 4 2 4 3 4 4 1 4 4 4
          569       2 1 2 2 2 2 2 2 2 3 2 3 3 2 2 2 2 3 2 1 3 2 3 3 2 1 2 2
          570       0 5 3 5 1 3 0 4 4 1 4 5 5 4 3 3 4 2 3 1 5 5 5 5 0 1 3 3
          571       2 3 3 3 2 1 3 4 3 2 1 4 5 2 2 3 2 3 2 3 2 2 4 3 1 2 3 3
          572       1 4 3 4 3 3 4 5 4 1 2 5 4 5 0 3 1 5 5 5 1 4 4 3 2 2 4 3
          573       1 4 3 4 3 1 1 1 2 3 1 4 5 1 2 1 1 3 1 3 2 1 4 4 1 1 1 3
          574       2 4 3 3 3 1 2 4 3 4 3 4 3 4 4 3 3 3 3 2 4 2 2 4 2 3 3 3
          575       1 4 3 4 3 2 2 3 4 3 3 4 4 3 4 3 1 3 3 3 3 4 4 4 2 2 3 3
          576       1 3 3 3 3 2 2 3 3 3 2 4 4 4 2 2 3 3 3 3 3 3 3 4 1 2 4 3
          577       0 4 4 5 3 1 3 4 4 4 4 4 4 3 3 2 1 3 4 3 3 3 4 4 1 3 1 4
          578       0 4 3 3 4 0 4 3 4 5 0 4 4 4 1 3 3 4 4 5 4 4 5 5 1 0 3 5
          579       0 5 4 5 4 0 4 5 4 3 1 5 5 5 3 3 4 5 4 5 4 3 4 4 0 3 1 5
          580       4 1 3 1 2 3 4 4 4 0 3 4 3 1 1 4 3 5 1 4 3 2 5 3 3 5 4 2
          581       3 4 4 3 4 0 1 5 5 4 3 4 5 4 2 4 2 4 2 3 4 2 5 5 1 2 0 5
          582       0 4 3 4 3 2 1 4 3 1 3 4 5 2 3 3 2 3 1 3 3 2 4 4 1 0 3 5
          583       3 3 4 2 4 4 1 2 1 4 4 2 3 3 5 4 3 4 3 2 4 2 1 0 3 3 5 2
          584       1 5 3 5 5 1 4 1 2 3 1 4 5 3 3 3 3 4 4 4 2 4 4 4 2 2 3 4
          585       2 4 3 3 3 1 3 4 3 3 3 3 3 2 1 4 3 4 3 4 4 3 3 3 2 2 3 3
          586       1 4 4 4 3 1 2 4 4 3 3 5 4 3 3 2 3 4 4 4 3 2 5 4 1 1 3 5
          587       1 3 3 4 2 0 0 3 2 3 3 3 5 1 1 2 2 3 3 3 3 3 4 4 0 3 1 4
          588       2 2 3 2 2 0 3 3 3 2 4 3 5 3 3 2 4 4 3 4 3 3 4 4 1 4 4 3
          589       1 4 3 3 1 1 4 2 2 3 3 4 4 1 2 1 1 4 4 4 4 4 5 4 2 4 4 4
          590       2 3 4 3 3 1 3 4 4 2 3 4 5 4 2 4 4 3 2 2 3 4 5 4 2 4 3 3
          591       1 5 5 4 4 0 4 4 4 4 1 4 4 3 4 2 3 4 4 4 4 4 4 5 0 1 4 4
          592       4 4 1 2 1 3 3 2 4 2 4 4 1 1 3 4 4 2 2 1 1 4 2 3 3 1 2 2
          593       1 2 4 3 4 1 4 4 4 4 2 4 5 4 1 3 5 4 3 5 4 3 4 4 0 1 3 5
          594       2 4 5 4 4 0 4 5 5 4 2 3 3 2 3 3 2 5 5 4 3 3 5 5 0 1 3 4
          595       0 5 5 5 5 3 0 5 5 5 5 5 5 0 0 0 0 5 5 5 5 5 5 5 0 0 4 5
          596       1 3 4 4 3 0 5 4 2 4 2 3 5 4 3 3 2 2 3 2 3 2 5 4 1 1 1 4
          597       2 4 4 3 5 1 2 4 4 2 2 4 4 3 3 3 3 3 5 3 3 4 5 4 1 3 3 2
          598       4 4 4 5 4 2 1 4 4 4 1 4 1 4 0 1 1 4 4 4 4 4 4 4 4 1 4 4
          599       1 4 4 4 3 1 3 3 3 3 2 4 5 3 1 2 4 4 3 4 3 3 4 4 1 3 4 3
          600       3 2 4 5 4 1 2 3 4 2 2 1 5 4 2 3 3 4 3 4 2 4 5 3 3 3 4 3
          601       3 2 3 3 2 2 3 3 3 1 3 4 3 3 4 3 3 3 2 3 3 3 3 2 2 3 3 3
          602       4 4 4 4 3 4 4 4 3 4 4 4 4 4 3 4 3 4 4 4 4 3 4 4 4 4 3 4
          603       1 5 4 3 3 2 3 4 4 3 3 4 5 3 1 3 2 4 3 4 4 4 4 4 1 3 4 3
          604       2 4 4 3 3 1 2 4 4 4 2 3 4 2 0 2 3 5 3 4 3 3 4 4 1 1 2 4
          605       3 3 3 3 3 0 3 4 3 3 5 4 4 3 3 4 4 5 2 5 4 4 4 4 0 3 4 4
          606       2 4 4 3 0 3 3 2 2 1 3 5 4 4 5 4 1 0 1 0 4 5 5 5 0 0 0 3
          607       1 4 4 4 4 3 2 5 5 3 5 4 5 3 2 2 2 4 5 4 5 4 4 5 1 3 4 5
          608       3 3 3 2 3 3 3 3 3 3 3 3 3 3 3 2 2 3 2 3 3 3 3 3 3 3 2 3
          609       2 3 4 2 3 2 2 4 4 4 2 4 5 2 3 4 4 4 1 3 3 2 2 4 1 2 4 4
          610       2 3 5 3 5 1 2 4 4 1 2 3 3 2 3 3 4 4 3 3 2 3 3 3 2 1 3 4
          611       2 2 5 3 2 4 3 2 2 0 5 4 5 3 5 4 5 0 0 0 4 4 5 4 3 5 5 4
          612       4 4 4 4 4 4 2 3 3 4 4 4 3 3 3 3 4 2 4 3 2 4 2 4 2 3 3 4
          613       0 5 4 5 3 2 2 4 4 5 3 4 5 1 2 3 2 4 4 4 3 3 5 4 2 0 1 4
          614       1 4 3 4 4 0 1 3 4 2 1 4 5 3 2 3 1 4 4 4 4 3 4 3 0 1 1 4
          615       1 3 4 3 3 3 4 4 4 3 2 5 5 4 2 3 3 4 4 4 4 3 3 5 2 0 3 4
          616       1 3 2 3 4 0 1 2 2 3 3 4 4 1 3 4 3 4 3 3 4 4 5 4 3 3 2 4
          617       0 5 5 5 5 0 5 5 5 3 5 5 5 0 5 0 0 3 5 3 2 2 5 5 0 0 0 5
          618       2 3 4 3 2 1 3 3 4 3 3 3 3 3 2 3 4 4 3 3 4 4 2 3 3 4 4 3
          619       1 4 4 4 3 1 1 4 4 3 1 3 4 3 1 1 2 4 4 4 4 2 4 4 1 1 3 4
          620       2 3 1 3 3 1 3 4 4 1 4 4 4 1 4 3 1 4 4 4 2 3 3 3 2 3 3 3
          621       2 4 3 3 3 2 2 4 4 3 2 4 4 4 2 4 4 4 3 3 4 4 4 4 2 2 3 4
          622       2 4 4 4 3 4 3 5 4 4 3 4 5 4 4 3 2 3 4 3 4 3 2 4 1 2 2 4
          623       1 4 4 4 4 1 3 4 4 3 3 4 4 4 3 3 4 4 4 3 4 4 4 4 2 2 4 4
          624       2 4 4 4 3 1 3 4 3 3 4 4 5 4 3 3 3 3 3 3 4 2 5 5 3 3 3 5
          625       0 3 4 3 3 1 3 3 3 4 4 5 5 3 4 4 3 4 4 3 3 4 4 4 0 3 3 3
          626       5 0 3 1 2 3 3 1 0 2 4 4 3 1 3 3 3 2 2 1 2 2 4 4 2 3 4 3
          627       2 3 4 3 2 0 0 4 4 3 2 3 3 4 2 3 1 3 3 3 2 2 5 4 0 3 3 4
          628       3 3 3 2 3 2 3 2 3 1 3 3 3 3 1 3 3 5 3 4 0 3 0 3 1 2 2 4
          629       1 4 4 4 3 1 4 4 4 3 3 4 4 3 3 3 4 4 3 4 2 2 4 4 1 1 1 4
          630       2 3 3 3 1 1 3 3 4 2 1 4 4 3 3 2 3 2 2 3 4 3 3 3 1 3 1 3
          631       2 3 3 3 2 2 3 2 3 1 2 3 4 2 3 3 3 4 1 3 4 3 4 3 1 2 1 4
          632       1 4 4 3 2 1 4 4 4 2 2 4 4 3 3 4 4 4 3 4 4 1 4 2 1 1 4 4
          633       1 2 4 2 4 2 2 5 4 4 3 5 5 3 5 5 1 2 4 2 4 5 4 4 2 1 4 3
          634       0 5 5 5 3 1 4 3 5 3 3 4 5 4 0 2 1 5 3 5 4 4 4 5 1 0 0 4
          635       0 5 4 4 4 0 5 4 4 5 3 5 5 0 0 0 4 5 3 5 2 2 5 5 1 0 4 4
          636       1 3 4 4 4 2 3 4 4 3 3 5 5 3 2 3 3 5 5 5 4 5 4 4 2 0 2 3
          637       0 5 5 5 3 0 5 4 5 4 0 4 5 4 0 0 0 4 3 5 4 3 4 4 0 1 4 5
          638       1 4 4 3 3 1 0 5 4 4 1 4 5 4 4 3 4 3 3 3 4 4 5 4 0 3 4 3
          639       1 2 3 2 2 3 3 2 1 2 3 5 5 0 4 4 1 1 4 0 2 3 4 4 1 3 0 4
          640       2 1 3 3 2 4 3 3 2 3 4 4 5 1 4 4 3 1 2 4 3 4 4 4 2 1 4 5
          641       3 3 3 3 3 3 3 3 4 3 3 4 5 2 5 4 4 0 1 0 5 1 3 5 0 4 4 5
          642       0 1 3 4 3 1 2 3 3 2 3 3 4 3 2 3 3 3 2 3 3 2 4 4 1 1 4 3
          643       1 4 3 4 3 1 4 3 4 3 2 4 5 3 1 2 3 4 3 4 4 4 3 4 1 3 3 4
          644       2 4 4 4 4 2 3 3 3 3 3 4 4 3 2 4 4 3 4 3 4 3 4 5 1 1 3 3
          645       1 4 5 1 3 0 0 4 4 2 3 4 5 3 4 0 4 4 3 2 4 3 4 5 3 0 4 5
          646       1 3 2 3 2 1 1 3 2 1 2 4 5 1 1 3 3 4 1 4 2 0 3 4 0 1 4 4
          647       1 4 3 3 2 1 3 3 4 2 2 4 4 3 4 4 4 2 2 2 3 4 4 4 1 3 3 5
          648       0 4 3 5 3 0 3 4 4 1 3 5 5 1 0 4 3 4 3 4 4 5 4 4 0 0 3 2
          649       1 5 4 5 3 3 4 4 4 2 3 4 5 2 5 5 4 5 4 5 5 4 4 5 4 2 4 5
          650       2 3 3 4 3 0 3 4 4 1 2 4 5 2 3 1 4 3 2 3 5 3 2 5 0 1 1 5
          651       2 5 4 5 2 2 5 5 4 3 5 5 5 3 3 4 4 1 3 1 5 5 5 3 2 3 3 4
          652       1 4 3 4 0 1 4 4 4 1 0 5 5 2 4 4 2 4 1 5 4 5 4 4 0 1 3 5
          653       2 4 4 4 4 2 2 4 3 3 3 4 4 4 1 3 3 4 3 4 3 3 4 2 3 3 3 3
          654       0 2 3 5 3 0 1 5 4 3 3 4 5 3 2 2 3 4 3 5 3 3 5 4 1 0 1 4
          655       0 5 5 5 3 0 4 4 4 3 3 4 5 4 2 3 1 4 4 4 4 4 5 4 0 2 2 4
          656       1 3 4 3 1 2 5 2 4 2 2 4 4 3 3 4 3 3 2 2 4 5 4 4 3 4 5 4
          657       1 4 3 4 3 1 3 4 3 4 1 2 4 3 1 3 1 4 3 4 4 3 4 4 1 3 3 4
          658       2 1 3 3 4 2 3 2 3 3 3 4 4 3 2 2 3 4 4 2 3 3 3 2 3 3 3 3
          659       4 5 4 4 4 0 4 4 4 0 5 4 4 2 0 3 4 4 4 4 4 0 4 4 0 0 4 4
          660       1 3 3 3 3 2 3 5 5 3 2 4 5 3 3 4 4 5 3 4 4 4 4 5 1 1 2 5
          661       3 2 3 3 0 3 5 1 3 1 4 4 3 1 4 4 1 2 1 2 0 5 4 4 1 4 1 3
          662       2 4 4 4 3 1 2 3 3 4 2 4 4 3 2 3 2 3 4 3 4 2 5 1 2 2 2 3
          663       1 5 4 4 3 0 4 2 1 2 3 5 4 3 1 4 3 4 1 3 1 5 4 4 1 3 3 4
          664       1 3 4 4 3 1 1 4 4 3 3 4 4 4 1 2 3 4 4 4 3 3 4 4 1 3 4 4
          665       2 3 4 3 2 1 3 3 3 3 3 4 5 4 3 4 3 3 3 3 4 3 5 4 1 2 2 4
          666       1 3 3 4 3 1 3 3 4 2 5 4 5 2 4 3 3 4 3 4 4 3 4 4 2 3 2 5
          667       1 3 3 3 2 2 4 3 4 2 3 4 4 3 3 5 2 3 3 2 3 3 4 4 2 3 3 3
          668       0 5 5 5 3 0 1 5 4 3 3 5 5 3 2 3 2 4 4 4 3 2 4 5 0 0 0 4
          669       2 3 2 3 3 2 3 3 3 2 2 3 4 2 3 3 2 3 2 2 3 4 3 3 2 2 2 3
          670       2 4 4 3 0 0 4 4 4 4 3 3 5 4 0 4 4 4 0 3 3 3 5 4 2 0 4 4
          671       1 5 4 4 5 1 3 4 3 3 5 5 5 0 5 5 5 1 2 3 4 0 3 0 3 4 5 4
          672       2 4 5 4 3 1 3 4 4 3 3 4 4 4 1 4 4 5 3 5 4 3 4 4 1 3 4 3
          673       0 5 4 4 3 1 2 4 4 2 2 0 5 3 4 3 4 3 3 3 3 5 4 5 0 1 3 4
          674       0 5 5 5 2 1 5 5 5 5 2 4 5 5 3 2 3 3 3 3 4 1 4 5 3 3 5 5
          675       0 4 3 4 2 0 3 4 4 3 1 3 5 4 4 2 1 4 2 3 2 4 5 4 0 0 1 4
          676       1 3 4 4 4 1 3 5 5 4 2 4 4 1 2 1 2 5 4 4 2 3 5 4 1 1 4 4
          677       0 4 4 4 5 0 4 5 3 1 1 5 5 3 3 5 1 5 3 5 1 2 5 5 2 2 4 5
          678       1 1 3 3 3 1 4 3 3 3 2 4 3 4 5 4 1 2 3 2 3 3 3 4 3 3 2 3
          679       2 4 4 3 3 1 3 4 4 3 4 4 3 3 3 3 4 4 4 4 3 3 4 4 3 3 3 4
          680       2 4 4 3 3 1 1 2 2 4 3 4 5 3 2 4 3 4 4 4 3 4 4 4 1 2 3 4
          681       1 3 3 3 3 1 4 3 3 3 3 4 4 0 2 4 3 4 3 4 3 3 4 2 1 0 1 3
          682       2 3 3 3 3 1 3 3 3 3 2 2 3 3 3 3 3 3 3 2 3 1 2 4 3 2 3 3
          683       4 4 1 0 3 4 4 4 2 1 4 2 5 5 5 5 4 2 1 0 5 5 0 3 2 5 4 1
          684       1 5 1 4 2 1 4 3 3 2 3 5 5 3 3 4 3 4 3 2 2 3 3 5 1 2 4 4
          685       4 3 4 2 2 4 4 3 4 0 4 4 4 2 5 4 4 1 1 1 2 3 4 4 2 4 3 3
          686       1 5 1 3 3 0 5 4 2 3 3 2 4 1 1 3 1 5 3 5 3 3 4 3 0 3 0 4
          687       2 1 1 2 1 4 3 1 1 0 4 3 4 0 1 4 1 3 1 3 3 4 4 4 1 2 1 3
          688       1 3 4 4 3 0 2 4 3 5 4 4 4 4 4 4 4 3 3 3 2 3 4 3 1 2 4 4
          689       1 3 2 3 2 1 3 2 3 4 3 5 5 5 2 5 3 1 3 3 4 4 5 5 1 0 3 3
          690       0 3 2 2 4 1 0 2 4 4 3 5 5 1 0 3 4 5 4 4 1 1 5 4 0 3 3 4
          691       0 4 5 4 3 4 5 4 4 0 3 5 4 4 3 5 2 4 4 4 4 5 5 4 1 3 5 4
          692       0 5 5 4 4 0 1 3 4 5 2 4 5 4 2 1 1 4 4 3 4 1 4 4 2 1 1 3
          693       1 4 4 4 4 1 4 4 4 4 1 4 4 3 1 3 4 4 4 4 3 3 4 4 1 1 3 4
          694       1 3 4 3 4 3 4 4 4 4 3 4 3 3 3 3 2 3 4 1 4 4 4 3 2 3 1 2
          695       1 4 4 4 3 0 1 4 3 3 4 4 4 5 2 4 3 5 4 5 4 4 3 2 4 1 3 4
          696       2 3 4 3 3 1 1 4 3 2 3 5 5 3 2 3 5 3 3 3 5 0 5 5 1 2 4 4
          697       3 1 3 1 1 0 3 3 3 1 5 5 5 3 1 2 1 5 1 5 4 5 3 4 2 3 3 4
          698       1 4 3 3 3 1 3 4 4 2 2 4 4 4 1 3 3 4 3 4 3 2 4 4 1 2 4 4
          699       0 3 4 3 3 2 4 4 4 4 1 4 4 3 4 2 2 4 5 3 4 4 4 4 1 0 2 3
          700       1 4 3 3 2 3 5 5 5 3 3 5 4 3 1 3 3 5 4 4 4 4 5 5 1 2 3 4
          701       0 5 3 4 3 1 1 4 4 4 3 4 5 1 1 1 3 4 3 4 3 3 4 4 3 2 4 1
          702       0 1 1 0 3 0 0 3 2 3 1 3 5 0 5 0 3 3 3 1 3 0 2 3 2 4 3 5
          703       2 4 4 3 3 1 3 2 2 2 3 3 4 1 2 2 3 4 3 4 4 2 4 4 2 1 2 4
          704       1 4 4 3 3 1 1 4 4 2 1 4 4 3 2 1 2 4 3 3 3 1 4 4 1 0 1 4
          705       1 3 4 3 1 1 2 4 5 4 1 3 5 3 1 4 1 3 2 3 3 1 4 4 1 1 2 3
          706       1 4 4 4 3 0 3 4 4 4 3 1 4 4 1 2 3 4 2 4 3 4 4 4 1 0 2 4
          707       0 5 5 4 3 0 2 5 5 0 2 5 5 5 5 2 0 4 5 3 5 5 5 5 0 0 3 5
          708       1 4 3 4 3 1 4 3 3 2 3 5 4 3 2 3 3 4 3 4 4 3 4 4 1 3 4 3
          709       1 4 4 3 3 2 3 3 3 0 2 3 4 2 4 3 2 2 2 2 1 2 5 4 2 2 4 4
          710       3 3 3 2 2 2 2 3 2 2 2 2 3 2 2 2 3 3 2 3 3 3 3 3 2 2 2 3
          711       2 2 2 4 3 0 3 3 1 3 3 4 4 2 3 3 1 3 2 4 4 1 3 4 1 2 4 4
          712       2 4 5 3 5 0 2 3 3 3 3 4 5 4 5 3 4 3 5 1 3 3 4 4 3 3 3 4
          713       3 2 3 2 2 1 4 3 3 1 5 4 4 1 4 4 3 3 2 3 3 4 2 4 2 2 4 3
          714       1 4 4 4 3 1 3 4 4 2 2 4 4 1 3 3 1 1 4 0 3 3 3 5 1 3 3 4
          715       0 5 5 4 2 0 0 4 5 5 0 4 5 2 2 3 3 4 4 4 4 3 5 5 0 0 0 5
          716       2 3 3 2 2 3 3 3 3 1 3 3 4 2 3 3 3 3 3 2 3 3 3 3 3 3 3 3
          717       0 2 3 2 2 1 2 3 3 2 3 4 5 4 2 3 2 3 4 3 2 1 3 4 1 3 3 4
          718       1 3 3 5 3 0 0 3 3 4 3 5 5 2 3 2 4 4 2 4 3 3 5 5 2 3 2 4
          719       0 5 5 5 1 0 0 4 4 5 3 5 5 0 2 3 4 5 0 5 2 5 5 5 2 5 1 3
          720       5 4 4 5 3 4 4 4 5 4 5 4 5 5 3 5 3 5 5 4 5 3 4 4 3 0 3 5
          721       1 5 5 3 2 3 5 4 5 3 3 5 5 3 3 3 3 5 3 5 5 5 5 5 2 5 5 5
          722       2 3 5 2 3 3 5 3 3 4 2 5 5 2 3 3 4 3 3 3 5 2 5 5 2 1 3 4
          723       2 4 4 3 3 1 2 4 5 3 2 4 5 4 3 3 3 3 2 3 4 3 5 2 1 2 2 3
          724       0 4 1 4 2 3 4 4 4 3 3 4 4 4 3 1 2 3 4 4 4 4 5 5 2 3 4 4
          725       1 4 2 4 2 1 2 4 3 4 1 4 4 3 1 1 1 4 3 4 4 2 4 4 1 1 1 2
          726       1 4 4 3 4 0 2 4 4 3 1 3 3 3 1 1 4 3 4 3 4 3 5 4 1 0 1 3
          727       2 2 3 4 4 1 3 4 4 3 3 4 4 3 3 3 1 4 5 3 3 3 4 5 2 2 3 4
          728       3 4 3 3 1 0 3 3 2 1 3 4 5 1 1 1 3 4 1 4 3 0 4 4 1 2 3 4
          729       2 3 1 5 1 1 1 4 1 3 5 4 4 4 4 2 4 4 2 5 4 3 4 3 1 0 2 3
          730       0 4 3 5 1 0 0 2 2 5 2 5 3 4 0 2 4 5 1 5 4 4 5 5 0 0 0 5
          731       1 4 4 4 4 1 0 4 4 4 2 4 4 3 1 1 3 4 4 4 4 1 4 4 1 0 3 4
          732       1 3 3 3 2 1 3 3 4 1 2 3 4 2 2 2 3 4 1 3 3 2 4 4 1 1 3 3
          733       2 3 5 2 5 0 1 5 4 3 1 5 5 1 5 5 5 3 4 3 5 4 5 3 0 2 5 3
          734       1 3 2 2 1 1 3 2 3 0 4 3 3 1 3 2 3 3 2 3 4 4 5 3 3 3 1 2
          735       3 3 2 2 1 2 3 3 2 2 3 4 4 3 3 3 1 2 1 2 1 1 4 4 1 1 3 4
          736       1 3 4 4 4 1 3 4 3 4 2 4 4 4 1 3 1 4 3 4 4 4 4 4 2 2 4 4
          737       2 3 3 4 4 3 4 4 3 3 3 5 5 2 4 4 1 4 4 4 1 4 0 2 1 0 3 4
          738       0 5 5 5 4 0 2 5 4 5 3 5 5 2 2 1 1 5 5 5 3 2 5 5 0 0 3 5
          739       2 3 3 3 2 2 2 4 4 3 2 4 5 3 2 2 3 4 2 4 3 2 5 5 2 2 3 5
          740       2 4 4 4 2 1 3 3 3 4 2 4 4 2 3 3 2 4 3 3 3 3 4 4 1 1 2 3
          741       2 3 5 3 5 2 3 4 4 3 3 4 5 3 3 2 3 4 4 4 3 4 4 3 1 2 3 4
          742       1 3 3 4 3 2 3 3 4 1 4 4 4 4 3 4 4 2 3 2 3 3 3 4 1 2 4 3
          743       2 3 1 2 2 3 5 2 2 2 3 3 4 4 3 5 2 3 3 3 4 2 2 3 3 4 3 3
          744       1 4 3 4 3 1 4 3 3 3 2 4 4 4 2 4 2 4 3 2 1 1 4 4 1 2 2 3
          745       0 4 3 3 5 0 0 3 4 5 3 0 4 0 0 0 0 5 5 4 4 0 4 5 0 0 0 3
          746       0 5 5 4 2 1 1 4 4 2 2 3 5 3 3 3 1 4 4 3 3 4 4 4 1 1 1 2
          747       0 5 4 5 4 1 5 4 4 5 3 4 5 3 1 1 4 5 4 4 4 4 4 5 0 1 0 5
          748       1 4 4 4 3 1 1 5 4 2 1 4 5 4 1 3 4 4 4 4 4 1 3 4 0 2 3 3
          749       0 4 4 4 1 1 2 5 3 2 1 1 5 2 0 5 5 0 3 5 1 5 5 4 0 0 4 5
          750       2 4 3 3 2 1 3 4 4 2 3 4 3 3 1 4 1 4 3 3 4 3 3 4 1 1 3 3
          751       1 3 3 4 3 1 4 3 4 3 3 4 5 1 3 1 3 4 4 3 3 3 5 4 2 2 3 3
          752       2 4 4 4 4 0 4 3 5 3 1 3 5 4 2 2 0 5 4 3 1 1 5 2 0 1 3 5
          753       3 3 3 2 3 1 0 2 2 1 3 4 5 0 5 3 3 4 4 3 5 1 5 0 1 0 0 5
          754       1 4 4 3 3 1 3 2 4 3 3 4 3 2 3 3 4 4 3 4 4 4 4 4 1 2 3 4
          755       1 1 2 3 1 1 4 1 1 3 3 3 3 1 3 1 4 3 1 3 4 4 4 3 2 4 1 4
          756       0 5 5 5 5 0 1 5 5 5 0 3 5 2 1 2 2 5 5 5 3 0 5 5 0 0 3 5
          757       4 3 4 2 3 3 3 3 3 3 4 3 3 3 3 3 3 3 3 3 3 3 4 3 2 4 3 3
          758       2 2 3 2 3 1 2 3 2 2 2 3 3 2 2 3 2 2 0 3 1 4 3 1 3 2 4 3
          759       2 4 3 4 3 1 2 3 4 3 2 4 5 3 4 3 3 3 3 2 3 2 4 2 1 1 2 3
          760       2 3 4 3 3 0 1 4 3 3 2 3 5 2 2 2 3 4 3 3 2 1 4 3 1 2 2 4
          761       3 4 4 3 4 0 2 4 4 3 3 5 5 1 3 3 3 4 4 4 4 1 4 4 2 0 4 4
          762       4 3 4 2 3 0 3 3 2 1 4 4 4 4 2 3 3 3 3 3 4 5 4 4 2 4 4 4
          763       0 4 5 5 4 0 1 4 4 4 2 4 5 4 2 3 2 4 4 2 5 2 5 5 2 2 3 3
          764       2 4 3 3 2 3 3 4 4 4 4 4 4 4 3 3 4 4 3 3 1 3 3 4 1 2 3 3
          765       2 4 4 3 3 1 4 3 3 3 2 4 4 4 1 2 2 4 3 4 2 4 4 4 2 3 4 3
          766       1 4 4 3 3 1 3 3 4 3 1 4 5 3 5 4 3 1 2 1 2 2 3 4 1 0 3 4
          767       3 3 1 2 2 1 4 4 1 1 2 1 1 2 1 4 3 3 3 3 3 2 4 1 2 2 3 4
          768       1 5 3 3 5 3 4 4 5 0 5 5 5 5 5 4 5 3 4 1 4 4 5 5 1 4 4 3
          769       1 4 1 4 1 1 4 4 4 0 1 4 4 1 1 1 3 4 1 4 4 4 4 4 1 1 4 3
          770       3 2 3 1 3 2 2 2 2 1 4 4 3 1 2 3 3 3 3 2 4 5 4 3 2 3 3 2
          771       2 4 3 4 3 1 3 4 3 0 3 2 4 4 4 3 3 3 3 3 1 3 3 4 2 1 3 3
          772       3 1 2 3 1 2 3 5 4 2 4 5 5 4 1 4 4 3 1 1 3 1 4 4 0 3 4 4
          773       1 3 3 4 3 0 1 4 4 2 1 4 5 3 2 2 3 4 3 4 3 3 4 5 0 1 4 4
          774       1 3 4 3 3 1 2 3 4 4 1 4 5 4 2 4 4 4 4 3 2 4 5 3 2 3 4 4
          775       2 3 4 3 3 3 3 4 4 3 5 4 4 4 5 4 4 2 3 1 4 3 3 3 3 3 3 5
          776       1 4 4 4 2 1 1 4 4 3 1 3 5 4 1 2 1 3 3 3 4 1 5 4 0 1 2 3
          777       1 4 4 5 4 0 2 4 3 3 1 4 4 3 2 2 2 4 4 3 4 4 4 4 2 2 2 3
          778       2 3 3 2 4 2 4 2 3 2 3 4 5 3 2 2 3 4 4 4 3 3 4 4 1 4 3 3
          779       2 5 4 3 3 2 3 4 4 2 3 4 4 3 4 5 4 3 2 5 3 5 3 4 4 3 5 3
          780       1 2 4 3 2 1 2 4 4 3 3 4 3 1 3 3 1 3 3 1 4 4 2 4 1 1 3 3
          781       3 4 4 3 2 1 4 4 5 1 1 4 5 3 1 4 4 4 3 3 1 2 5 4 0 4 5 5
          782       1 5 4 5 5 2 1 0 5 5 0 4 4 1 1 0 0 5 4 5 0 2 5 5 1 1 5 5
          783       2 4 4 4 3 1 1 4 4 2 0 4 5 3 2 3 3 4 2 3 3 4 4 4 0 1 4 4
          784       0 5 4 4 4 0 1 4 4 4 1 4 5 0 1 1 1 3 4 3 5 1 4 4 1 0 1 4
          785       1 4 5 5 5 0 2 4 4 3 3 4 5 4 1 3 3 4 4 4 5 1 4 4 0 0 4 4
          786       1 4 3 4 5 0 4 4 4 2 1 5 3 4 1 4 2 5 4 5 4 4 3 4 0 0 4 4
