    0.31370    8.78347   27    0.99964       -3.66597        0.33670    9.42746   27    0.99930       -3.39020   
    1.90296   53.28292   27    0.00186        2.84288        1.92857   53.99999   27    0.00152        2.83759   
    0.94724   26.52278   27    0.48976       -0.12709        1.05451   29.52635   27    0.33585        0.29290   
    1.38026   38.64727   27    0.06819        1.34055        1.19747   33.52906   27    0.18017        0.77802   
    1.40919   39.45745   27    0.05754        1.47448        1.36545   38.23265   27    0.07426        1.31047   
    1.16493   32.61797   27    0.20997        0.73335        1.13739   31.84686   27    0.23780        0.62632   
    1.36126   38.11525   27    0.07606        1.29086        1.52292   42.64170   27    0.02842        1.72284   
    1.41348   39.57742   27    0.05609        1.40501        1.63129   45.67622   27    0.01378        1.95020   
    2.14863   60.16166   27    0.00025 +++    3.21016        2.16636   60.65806   27    0.00022 +++    3.23946   
    0.66518   18.62503   27    0.88326       -1.51169        0.70000   19.59994   27    0.84712       -1.31683   
    1.15273   32.27630   27    0.22201        0.62441        1.18451   33.16639   27    0.19163        0.73405   
    0.20261    5.67304   27    1.00000       -4.35120        0.18867    5.28264   27    1.00000       -4.49432   
    0.88988   24.91653   27    0.57914       -0.36861        0.92560   25.91669   27    0.52323       -0.20970   
    1.19943   33.58405   27    0.17847        0.77973        1.14104   31.94911   27    0.23397        0.57763   
    1.10687   30.99248   27    0.27145        0.49685        1.11367   31.18284   27    0.26370        0.51584   
    1.77693   49.75405   27    0.00486        2.40966        2.31005   64.68127   27    0.00006 +++    3.57486***
    1.58671   44.42792   27    0.01867        1.94312        1.60666   44.98654   27    0.01631        1.95392   
    0.37241   10.42746   27    0.99826       -3.37812        0.35486    9.93611   27    0.99887       -3.48170   
    1.23048   34.45340   27    0.15326        0.90965        1.30428   36.51989   27    0.10438        1.12631   
    0.92024   25.76671   27    0.53158       -0.25637        0.90067   25.21867   27    0.56221       -0.33711   
    0.50200   14.05614   27    0.98070       -2.27754        0.47594   13.32640   27    0.98701       -2.37266   
    1.40419   39.31740   27    0.05927        1.40632        1.43961   40.30906   27    0.04792        1.48134   
    0.31197    8.73514   27    0.99966       -3.35054        0.30842    8.63581   27    0.99969       -3.35855   
    0.83669   23.42720   27    0.66186       -0.53637        0.94607   26.49002   27    0.49155       -0.10219   
    0.76914   21.53585   27    0.76057       -0.88865        0.73902   20.69267   27    0.80047       -1.00027   
    0.45996   12.87882   27    0.99000       -2.56481        0.47181   13.21081   27    0.98784       -2.42317   
    0.52581   14.72258   27    0.97315       -2.23944        0.52488   14.69663   27    0.97348       -2.20296   
    0.81942   22.94372   27    0.68803       -0.62113        0.82017   22.96462   27    0.68691       -0.59967   
    0.35634    9.97750   27    0.99883       -3.06014        0.34900    9.77208   27    0.99903       -3.06038   
    2.39336   67.01405   27    0.00003 +++    3.81635***     2.78003   77.84089   27    0.00000 +++    4.60313***
    0.29815    8.34810   27    0.99978       -3.75417        0.28926    8.09917   27    0.99984       -3.73177   
    0.76309   21.36651   27    0.76883       -0.85471        0.69513   19.46374   27    0.85249       -1.17208   
    1.01684   28.47146   27    0.38698        0.15215        0.96746   27.08886   27    0.45901       -0.02605   
    1.39269   38.99536   27    0.06342        1.34897        1.51675   42.46893   27    0.02957        1.67667   
    1.33855   37.47944   27    0.08646        1.20531        1.20788   33.82067   27    0.17132        0.78901   
    0.67139   18.79895   27    0.87721       -1.23827        0.62981   17.63461   27    0.91429       -1.42208   
    0.94509   26.46256   27    0.49306       -0.10611        0.85298   23.88356   27    0.63677       -0.45515   
    0.43107   12.07006   27    0.99402       -2.55523        0.36758   10.29232   27    0.99845       -2.98168   
    0.64503   18.06078   27    0.90165       -1.69428        0.61324   17.17077   27    0.92683       -1.88148   
    0.39216   10.98056   27    0.99728       -2.77482        0.38997   10.91918   27    0.99741       -2.77159   
    1.03814   29.06797   27    0.35761        0.23716        1.10042   30.81162   27    0.27894        0.48449   
    1.17316   32.84838   27    0.20212        0.68994        1.22918   34.41716   27    0.15425        0.87543   
    0.39237   10.98642   27    0.99727       -2.77341        0.31881    8.92661   27    0.99958       -3.27623   
    2.94405   82.43330   27    0.00000 +++    4.86549***     2.88409   80.75457   27    0.00000 +++    4.79592***
    1.28674   36.02871   27    0.11467        1.04756        1.27509   35.70247   27    0.12195        0.99630   
    1.79261   50.19310   27    0.00432        2.43893        1.84454   51.64716   27    0.00292        2.57946   
    0.96070   26.89966   27    0.46922       -0.05454        1.26671   35.46797   27    0.12740        0.99713   
    2.18606   61.20976   27    0.00018 +++    3.37954***     1.70173   47.64858   27    0.00840        2.23555   
    0.41414   11.59588   27    0.99569       -2.96431        0.44897   12.57113   27    0.99172       -2.66593   
    0.42136   11.79804   27    0.99503       -2.61165        0.42952   12.02650   27    0.99419       -2.51903   
    0.91758   25.69233   27    0.53572       -0.24583        0.85606   23.96982   27    0.63199       -0.49032   
    1.01503   28.42081   27    0.38953        0.14468        0.97661   27.34501   27    0.44530        0.00351   
    0.25948    7.26541   27    0.99994       -3.96454        0.25658    7.18416   27    0.99995       -3.88870   
    2.75163   77.04556   27    0.00000 +++    4.17599***     2.30686   64.59196   27    0.00006 +++    3.27342   
    0.87457   24.48805   27    0.60313       -0.45785        0.91341   25.57545   27    0.54225       -0.28119   
    0.62192   17.41382   27    0.92042       -1.47703        0.54133   15.15715   27    0.96717       -1.86960   
    1.95797   54.82319   27    0.00121        2.78826        1.70125   47.63510   27    0.00843        2.16815   
    2.80787   78.62031   27    0.00000 +++    4.52601***     2.88448   80.76558   27    0.00000 +++    4.66241***
    0.93100   26.06806   27    0.51483       -0.16810        0.80887   22.64839   27    0.70375       -0.64197   
    0.49826   13.95125   27    0.98173       -2.32144        0.58320   16.32951   27    0.94637       -1.77622   
    0.47852   13.39847   27    0.98646       -2.29778        0.47098   13.18756   27    0.98800       -2.29135   
    1.19660   33.50484   27    0.18092        0.86633        1.17759   32.97246   27    0.19798        0.79549   
    1.12160   31.40468   27    0.25485        0.52563        1.16933   32.74123   27    0.20574        0.67582   
    0.82019   22.96527   27    0.68688       -0.59426        0.80914   22.65594   27    0.70335       -0.63794   
    0.38703   10.83674   27    0.99757       -2.93431        0.36003   10.08091   27    0.99871       -3.04824   
    5.25568  147.15894   27    0.00000 +++    8.00736***     5.41042  151.49181   27    0.00000 +++    8.15531***
    0.34501    9.66042   27    0.99912       -3.10510        0.29907    8.37397   27    0.99977       -3.43817   
    1.39287   39.00045   27    0.06335        1.34695        1.32769   37.17525   27    0.09184        1.14617   
    0.30768    8.61500   27    0.99970       -3.80783        0.32063    8.97765   27    0.99956       -3.62297   
    2.66078   74.50174   27    0.00000 +++    4.26491***     2.50918   70.25706   27    0.00001 +++    3.97777***
    1.53768   43.05500   27    0.02583        1.98772        1.54650   43.30196   27    0.02438        1.99753   
    0.37210   10.41874   27    0.99828       -3.29966        0.39469   11.05119   27    0.99713       -3.07067   
    0.39151   10.96220   27    0.99732       -2.98729        0.38068   10.65892   27    0.99790       -2.98235   
    0.69254   19.39100   27    0.85532       -1.16873        0.64502   18.06044   27    0.90166       -1.36441   
    1.10698   30.99549   27    0.27132        0.46740        1.13679   31.83014   27    0.23843        0.56942   
    0.52207   14.61808   27    0.97445       -2.03358        0.53270   14.91548   27    0.97060       -1.93375   
    0.38161   10.68499   27    0.99785       -2.84553        0.44266   12.39438   27    0.99260       -2.43472   
    0.55276   15.47722   27    0.96219       -1.82601        0.61237   17.14631   27    0.92745       -1.50722   
    1.51584   42.44363   27    0.02975        1.66797        1.25661   35.18498   27    0.13424        0.91406   
    0.33794    9.46236   27    0.99928       -3.61088        0.36438   10.20273   27    0.99857       -3.34379   
    2.41618   67.65316   27    0.00002 +++    3.78685***     2.22295   62.24261   27    0.00013 +++    3.34169***
    0.18151    5.08223   27    1.00000       -4.86419        0.18711    5.23907   27    1.00000       -4.67075   
    2.00343   56.09600   27    0.00084 +++    2.91581        2.02123   56.59437   27    0.00072 +++    2.91164   
    1.10015   30.80415   27    0.27926        0.44232        0.97694   27.35423   27    0.44481        0.00831   
    0.69641   19.49960   27    0.85109       -1.31812        0.74348   20.81744   27    0.79476       -1.06424   
    1.32410   37.07483   27    0.09368        1.34459        1.31194   36.73434   27    0.10013        1.26873   
    1.55762   43.61342   27    0.02266        2.02743        1.50423   42.11834   27    0.03204        1.84129   
    0.40768   11.41518   27    0.99622       -3.28188        0.37744   10.56845   27    0.99805       -3.54288   
    0.55969   15.67140   27    0.95892       -1.80494        0.62670   17.54769   27    0.91674       -1.46281   
    1.64373   46.02443   27    0.01265        2.07499        1.80900   50.65198   27    0.00382        2.51667   
    1.32041   36.97144   27    0.09560        1.13819        1.38844   38.87629   27    0.06502        1.32265   
    1.01509   28.42264   27    0.38944        0.14636        0.90857   25.43998   27    0.54982       -0.24271   
    0.86331   24.17272   27    0.62072       -0.42057        0.93198   26.09549   27    0.51331       -0.15225   
    0.64766   18.13445   27    0.89936       -1.50766        0.73071   20.45998   27    0.81091       -1.06058   
    1.85261   51.87312   27    0.00275        2.53995        1.81640   50.85921   27    0.00362        2.43072   
    0.37056   10.37573   27    0.99834       -3.40496        0.35871   10.04383   27    0.99876       -3.46710   
    0.59523   16.66649   27    0.93903       -1.60817        0.61382   17.18682   27    0.92641       -1.50827   
    2.15992   60.47768   27    0.00023 +++    3.31597***     1.75914   49.25580   27    0.00554        2.39233   
    0.76580   21.44250   27    0.76514       -0.82880        0.59732   16.72488   27    0.93769       -1.61795   
    0.77670   21.74760   27    0.75009       -0.78445        0.80292   22.48176   27    0.71251       -0.65903   
    2.11520   59.22564   27    0.00033 +++    3.47705***     2.19489   61.45686   27    0.00017 +++    3.60047***
    0.88824   24.87061   27    0.58171       -0.34089        0.79578   22.28189   27    0.72292       -0.70403   
    1.47352   41.25863   27    0.03889        1.61223        1.55965   43.67009   27    0.02236        1.84508   
    0.68811   19.26715   27    0.86006       -1.13169        1.01233   28.34529   27    0.39334        0.13959   
    1.44327   40.41144   27    0.04687        1.51394        1.55394   43.51023   27    0.02322        1.79005   
    1.17789   32.98104   27    0.19770        0.70998        1.24314   34.80788   27    0.14380        0.90503   
    0.33164    9.28596   27    0.99939       -3.52808        0.33689    9.43299   27    0.99930       -3.40096   
    1.20576   33.76132   27    0.17310        0.79922        1.10330   30.89240   27    0.27558        0.45164   
    0.99312   27.80742   27    0.42095        0.06864        1.14158   31.96432   27    0.23341        0.57321   
    0.98068   27.45915   27    0.43925        0.01549        0.99254   27.79109   27    0.42180        0.06350   
    0.29963    8.38962   27    0.99977       -3.85598        0.29595    8.28673   27    0.99979       -3.80654   
    0.87237   24.42628   27    0.60658       -0.41050        0.81564   22.83796   27    0.69369       -0.62760   
    1.06059   29.69639   27    0.32797        0.30584        1.02060   28.57666   27    0.38172        0.16637   
    1.72703   48.35673   27    0.00700        2.29657        1.41050   39.49408   27    0.05709        1.43745   
    0.91361   25.58096   27    0.54194       -0.23847        0.91750   25.68997   27    0.53585       -0.21391   
    0.60230   16.86444   27    0.93441       -1.75719        0.60423   16.91833   27    0.93312       -1.70547   
    2.13947   59.90514   27    0.00027 +++    3.27021        2.13265   59.71417   27    0.00029 +++    3.23203   
    1.64414   46.03604   27    0.01261        2.07985        1.30241   36.46761   27    0.10544        1.10401   
    0.58004   16.24105   27    0.94820       -1.74393        0.65128   18.23598   27    0.89614       -1.34615   
    1.48229   41.50408   27    0.03681        1.61210        1.39129   38.95606   27    0.06394        1.33463   
    0.73463   20.56956   27    0.80602       -0.95239        0.75100   21.02809   27    0.78497       -0.87242   
    0.90160   25.24468   27    0.56075       -0.28053        0.88668   24.82701   27    0.58416       -0.32868   
    0.74128   20.75582   27    0.79759       -0.92497        0.63726   17.84325   27    0.90824       -1.38606   
    1.72945   48.42463   27    0.00688        2.25798        1.38643   38.82010   27    0.06578        1.31894   
    0.86718   24.28111   27    0.61468       -0.41092        0.77745   21.76855   27    0.74904       -0.76472   
    1.32232   37.02507   27    0.09460        1.13859        1.28566   35.99855   27    0.11533        1.02499   
    0.45423   12.71854   27    0.99093       -2.58431        0.45862   12.84132   27    0.99022       -2.48722   
    0.46675   13.06894   27    0.98880       -2.31758        0.47067   13.17864   27    0.98806       -2.26490   
    0.74825   20.95100   27    0.78858       -0.92398        0.74938   20.98267   27    0.78710       -0.92840   
    2.63093   73.66612   27    0.00000 +++    4.18724***     2.63107   73.66998   27    0.00000 +++    4.18131***
    0.87647   24.54128   27    0.60015       -0.39514        0.98798   27.66357   27    0.42847        0.04701   
    1.18023   33.04642   27    0.19554        0.70386        1.18840   33.27514   27    0.18814        0.72327   
    1.90061   53.21703   27    0.00189        2.70333        1.55467   43.53075   27    0.02311        1.83563   
    0.57518   16.10493   27    0.95092       -1.71021        0.64028   17.92786   27    0.90571       -1.37172   
    1.56689   43.87296   27    0.02131        1.85971        1.51772   42.49608   27    0.02939        1.73554   
    0.49218   13.78116   27    0.98330       -2.18243        0.49262   13.79326   27    0.98319       -2.14426   
    1.51006   42.28169   27    0.03087        1.71332        1.59522   44.66621   27    0.01763        1.90837   
    1.63892   45.88974   27    0.01307        2.19764        1.62973   45.63248   27    0.01393        2.12736   
    0.55723   15.60240   27    0.96011       -1.86347        0.54637   15.29835   27    0.96504       -1.93825   
    0.50339   14.09500   27    0.98031       -2.14975        0.49890   13.96910   27    0.98155       -2.12808   
    0.60422   16.91829   27    0.93312       -1.61370        0.70717   19.80066   27    0.83902       -1.12246   
    0.61102   17.10845   27    0.92841       -1.54892        0.54394   15.23028   27    0.96608       -1.86471   
    0.83551   23.39436   27    0.66366       -0.55010        0.77306   21.64563   27    0.75516       -0.79372   
    0.36053   10.09474   27    0.99870       -2.99588        0.43872   12.28405   27    0.99311       -2.46953   
    0.50087   14.02442   27    0.98102       -2.18623        0.49560   13.87677   27    0.98243       -2.16297   
    0.93642   26.21988   27    0.50642       -0.13832        1.04484   29.25565   27    0.34861        0.25061   
    1.22375   34.26499   27    0.15848        0.90937        1.31278   36.75798   27    0.09967        1.18741   
    1.14619   32.09321   27    0.22865        0.65192        1.07482   30.09506   27    0.30990        0.37733   
    0.34212    9.57948   27    0.99919       -3.42949        0.32930    9.22048   27    0.99943       -3.44516   
    2.54898   71.37144   27    0.00001 +++    4.21466***     2.47060   69.17676   27    0.00001 +++    3.95725***
    1.24502   34.86068   27    0.14243        0.96783        1.27125   35.59508   27    0.12442        1.03367   
    0.78713   22.03957   27    0.73536       -0.72808        0.80379   22.50602   27    0.71124       -0.65507   
    0.30692    8.59374   27    0.99971       -3.54007        0.28715    8.04018   27    0.99985       -3.61157   
    0.63560   17.79675   27    0.90961       -1.40700        0.63525   17.78712   27    0.90989       -1.39683   
    0.45903   12.85277   27    0.99015       -2.42325        0.45413   12.71567   27    0.99094       -2.47589   
    0.49326   13.81127   27    0.98303       -2.43396        0.48952   13.70660   27    0.98396       -2.40933   
    0.36162   10.12541   27    0.99866       -2.98370        0.34974    9.79269   27    0.99901       -3.04870   
    0.37772   10.57624   27    0.99803       -3.27671        0.43576   12.20119   27    0.99347       -2.80199   
    1.81183   50.73133   27    0.00374        2.67708        1.73931   48.70072   27    0.00641        2.43203   
    0.37178   10.40972   27    0.99829       -2.93278        0.41702   11.67659   27    0.99544       -2.59360   
    0.48573   13.60048   27    0.98486       -2.41987        0.54090   15.14507   27    0.96735       -2.03084   
    0.23007    6.44198   27    0.99998       -4.46176        0.24964    6.98981   27    0.99996       -4.16111   
    0.44913   12.57558   27    0.99170       -2.41271        0.40694   11.39443   27    0.99628       -2.66111   
    0.39008   10.92229   27    0.99740       -2.63117        0.36273   10.15636   27    0.99862       -2.68998   
    2.41828   67.71188   27    0.00002 +++    4.52135***     2.34766   65.73447   27    0.00004 +++    4.28633***
    0.80375   22.50493   27    0.71130       -0.67985        0.90748   25.40939   27    0.55153       -0.26188   
    0.71450   20.00610   27    0.83050       -1.06958        0.61999   17.35968   27    0.92187       -1.53324   
    0.54685   15.31194   27    0.96483       -2.09160        0.53258   14.91231   27    0.97064       -2.13105   
    0.41416   11.59656   27    0.99569       -2.66318        0.39300   11.00395   27    0.99723       -2.75620   
    0.93443   26.16406   27    0.50951       -0.14578        0.77682   21.75093   27    0.74992       -0.76518   
    0.88889   24.88898   27    0.58068       -0.33391        0.84984   23.79557   27    0.64163       -0.47673   
    0.89258   24.99214   27    0.57490       -0.32727        0.88652   24.82267   27    0.58440       -0.33855   
    0.88078   24.66193   27    0.59340       -0.35095        0.95305   26.68542   27    0.48086       -0.07627   
    1.94539   54.47092   27    0.00133        2.81534        2.07010   57.96268   27    0.00048 +++    3.05682   
    0.81849   22.91773   27    0.68942       -0.60992        0.76199   21.33573   27    0.77032       -0.83142   
    0.37273   10.43631   27    0.99825       -3.42109        0.36213   10.13955   27    0.99864       -3.48527   
    1.91159   53.52449   27    0.00174        2.70232        1.93164   54.08604   27    0.00148        2.70868   
    0.46407   12.99394   27    0.98929       -2.36404        0.45712   12.79942   27    0.99047       -2.41481   
    1.53313   42.92755   27    0.02660        1.77250        2.02354   56.65907   27    0.00071 +++    2.96187   
    0.48086   13.46410   27    0.98596       -2.50679        0.50331   14.09262   27    0.98033       -2.31458   
    1.25467   35.13079   27    0.13558        0.93862        1.27102   35.58854   27    0.12458        0.98778   
    1.06582   29.84286   27    0.32126        0.35065        1.06041   29.69157   27    0.32819        0.32853   
    0.66433   18.60124   27    0.88407       -1.27204        0.60642   16.97988   27    0.93162       -1.53586   
    0.87046   24.37286   27    0.60956       -0.39456        0.87015   24.36411   27    0.61005       -0.39545   
    0.93419   26.15723   27    0.50989       -0.15762        0.93057   26.05589   27    0.51550       -0.16362   
    0.38906   10.89363   27    0.99746       -3.05407        0.33966    9.51059   27    0.99924       -3.34182   
    0.67609   18.93060   27    0.87252       -1.23917        0.58507   16.38184   27    0.94527       -1.69514   
    1.21897   34.13105   27    0.16227        0.84353        1.30011   36.40317   27    0.10676        1.07929   
    0.81437   22.80226   27    0.69559       -0.61694        0.71979   20.15411   27    0.82423       -1.01759   
    0.68422   19.15823   27    0.86416       -1.17823        0.72281   20.23874   27    0.82059       -0.99503   
    1.41163   39.52554   27    0.05671        1.36271        1.19569   33.47940   27    0.18171        0.72260   
    0.34421    9.63788   27    0.99914       -3.11485        0.40746   11.40891   27    0.99624       -2.67017   
    0.69914   19.57597   27    0.84807       -1.10989        0.56871   15.92396   27    0.95438       -1.72859   
    1.31870   36.92369   27    0.09650        1.15471        1.84087   51.54427   27    0.00300        2.59575   
    0.79862   22.36145   27    0.71879       -0.67927        0.67674   18.94868   27    0.87186       -1.20302   
    1.31793   36.90213   27    0.09691        1.12484        1.14171   31.96783   27    0.23328        0.57414   
    1.79102   50.14851   27    0.00437        2.27212        1.73182   48.49088   27    0.00676        2.06847   
    0.78827   22.07161   27    0.73373       -0.74978        0.84739   23.72702   27    0.64541       -0.48635   
    1.51558   42.43624   27    0.02980        1.77355        1.45319   40.68940   27    0.04410        1.55622   
    0.44920   12.57761   27    0.99169       -2.44986        0.47177   13.20945   27    0.98785       -2.27049   
    1.22949   34.42576   27    0.15402        0.85881        1.15513   32.34368   27    0.21959        0.62092   
    1.55943   43.66392   27    0.02239        1.83754        1.45147   40.64116   27    0.04457        1.51291   
    0.49269   13.79520   27    0.98317       -2.39220        0.51649   14.46161   27    0.97633       -2.19054   
    0.62158   17.40436   27    0.92067       -1.50500        0.63004   17.64117   27    0.91410       -1.43286   
    0.43561   12.19700   27    0.99349       -2.87118        0.41851   11.71839   27    0.99530       -2.95092   
    0.29188    8.17261   27    0.99982       -3.84596        0.33107    9.26986   27    0.99940       -3.42568   
    1.05548   29.55352   27    0.33458        0.28926        1.02991   28.83746   27    0.36883        0.19932   
    3.50450   98.12592   27    0.00000 +++    6.14322***     3.54827   99.35142   27    0.00000 +++    6.07203***
    1.81325   50.77095   27    0.00370        2.44292        1.95909   54.85440   27    0.00119        2.76174   
    0.55502   15.54066   27    0.96115       -1.82915        0.53841   15.07543   27    0.96836       -1.88912   
    1.96475   55.01311   27    0.00114        2.83820        1.79873   50.36454   27    0.00413        2.45057   
    1.34967   37.79076   27    0.08123        1.22744        1.34973   37.79247   27    0.08120        1.22755   
    1.10376   30.90532   27    0.27504        0.47075        1.09163   30.56568   27    0.28934        0.42080   
    1.25376   35.10520   27    0.13622        0.94030        1.30238   36.46667   27    0.10546        1.07495   
    0.60080   16.82245   27    0.93541       -1.62869        0.53464   14.97002   27    0.96985       -1.96234   
    0.92771   25.97586   27    0.51994       -0.17151        0.87716   24.56041   27    0.59908       -0.36291   
    0.75888   21.24869   27    0.77450       -0.86831        0.79009   22.12239   27    0.73113       -0.71591   
    1.34645   37.70071   27    0.08271        1.43449        1.31479   36.81405   27    0.09859        1.32047   
    1.04504   29.26103   27    0.34836        0.25177        0.98965   27.71015   27    0.42603        0.05701   
    0.30381    8.50657   27    0.99973       -3.45328        0.33868    9.48299   27    0.99926       -3.13291   
    0.34944    9.78436   27    0.99902       -3.16744        0.35978   10.07383   27    0.99872       -3.02039   
    0.94242   26.38787   27    0.49716       -0.14624        0.88470   24.77162   27    0.58726       -0.37509   
    1.16439   32.60294   27    0.21049        0.66394        1.14473   32.05234   27    0.23015        0.59472   
    0.95222   26.66208   27    0.48214       -0.08333        1.00276   28.07726   27    0.40700        0.10203   
    1.32959   37.22842   27    0.09088        1.15942        1.30317   36.48873   27    0.10501        1.07442   
    1.28208   35.89820   27    0.11754        1.09371        1.27228   35.62394   27    0.12375        1.04008   
    0.56805   15.90551   27    0.95472       -1.84439        0.66117   18.51276   27    0.88707       -1.32202   
    0.84235   23.58580   27    0.65318       -0.52225        0.81504   22.82099   27    0.69459       -0.63180   
    1.84135   51.55772   27    0.00299        2.75756        1.89637   53.09840   27    0.00196        2.84228   
    1.30857   36.63998   27    0.10199        1.12611        1.11020   31.08559   27    0.26764        0.48364   
    0.80475   22.53300   27    0.70983       -0.66350        0.60594   16.96646   27    0.93195       -1.57368   
    0.95982   26.87508   27    0.47055       -0.06229        0.93841   26.27540   27    0.50336       -0.13696   
    0.25488    7.13677   27    0.99995       -4.12576        0.23492    6.57766   27    0.99998       -4.20756   
    0.81850   22.91789   27    0.68942       -0.60179        0.77375   21.66496   27    0.75420       -0.77645   
    1.50121   42.03376   27    0.03266        1.88072        1.30644   36.58021   27    0.10317        1.14613   
    0.72968   20.43093   27    0.81219       -0.99362        0.73814   20.66795   27    0.80159       -0.93533   
    1.41514   39.62399   27    0.05554        1.44984        1.22518   34.30515   27    0.15735        0.85061   
    0.50425   14.11896   27    0.98007       -2.15922        0.53319   14.92941   27    0.97041       -1.94679   
    2.09599   58.68781   27    0.00039 +++    3.08811        2.00448   56.12533   27    0.00083 +++    2.87160   
    0.65362   18.30136   27    0.89404       -1.32396        0.57226   16.02324   27    0.95250       -1.70786   
    0.93445   26.16458   27    0.50948       -0.14603        0.91854   25.71925   27    0.53422       -0.20411   
    1.70641   47.77958   27    0.00813        2.13981        1.55584   43.56345   27    0.02293        1.72431   
    0.58652   16.42268   27    0.94441       -1.69850        0.66311   18.56721   27    0.88523       -1.28328   
    0.55847   15.63727   27    0.95951       -1.82382        0.60257   16.87189   27    0.93423       -1.56431   
    0.40609   11.37063   27    0.99634       -2.77216        0.42241   11.82745   27    0.99493       -2.60146   
    0.33607    9.41005   27    0.99931       -3.27247        0.38375   10.74504   27    0.99774       -2.85690   
    0.84045   23.53252   27    0.65610       -0.52591        0.69667   19.50681   27    0.85080       -1.16273   
    0.65432   18.32109   27    0.89340       -1.31777        0.57418   16.07696   27    0.95146       -1.69888   
    0.72578   20.32191   27    0.81698       -1.03408        0.69359   19.42053   27    0.85417       -1.15202   
    1.36404   38.19318   27    0.07486        1.38728        1.45018   40.60496   27    0.04493        1.63195   
    3.42303   95.84481   27    0.00000 +++    5.51157***     2.98527   83.58747   27    0.00000 +++    4.68179***
    0.74249   20.78964   27    0.79604       -0.99351        0.62284   17.43960   27    0.91972       -1.53776   
    1.09154   30.56301   27    0.28946        0.41771        0.95183   26.65129   27    0.48273       -0.09019   
    1.53498   42.97933   27    0.02628        2.03731        1.52773   42.77643   27    0.02755        2.01705   
    1.14473   32.05245   27    0.23015        0.62243        1.14476   32.05332   27    0.23012        0.61164   
    0.73760   20.65292   27    0.80227       -0.93908        0.78713   22.03970   27    0.73536       -0.72223   
    0.43324   12.13084   27    0.99377       -2.75368        0.47041   13.17137   27    0.98811       -2.44379   
    2.10954   59.06698   27    0.00035 +++    3.11918        2.09999   58.79963   27    0.00038 +++    3.07264   
    0.35387    9.90835   27    0.99890       -3.48536        0.37272   10.43625   27    0.99825       -3.28588   
    0.68653   19.22297   27    0.86173       -1.35039        0.71346   19.97686   27    0.83173       -1.19166   
    0.86007   24.08205   27    0.62576       -0.43148        0.74256   20.79180   27    0.79594       -0.90845   
    0.44185   12.37188   27    0.99271       -2.45993        0.45222   12.66224   27    0.99124       -2.37302   
    1.43530   40.18827   27    0.04920        1.49522        1.63965   45.91027   27    0.01301        2.02739   
    0.90504   25.34100   27    0.55536       -0.27403        0.76671   21.46774   27    0.76391       -0.82833   
    3.73201  104.49632   27    0.00000 +++    6.12996***     6.09702  170.71660   27    0.00000 +++    9.00110***
    1.64822   46.15029   27    0.01226        2.07907        1.79531   50.26878   27    0.00424        2.40706   
    0.55082   15.42298   27    0.96307       -1.83629        0.48903   13.69275   27    0.98408       -2.16516   
    0.43262   12.11323   27    0.99384       -2.60957        0.42103   11.78894   27    0.99506       -2.61926   
    1.65249   46.26980   27    0.01190        2.16556        1.69726   47.52318   27    0.00868        2.23208   
    0.80531   22.54861   27    0.70901       -0.69264        0.80547   22.55314   27    0.70877       -0.67021   
    0.81084   22.70348   27    0.70084       -0.64283        1.01659   28.46446   27    0.38734        0.15162   
    1.01053   28.29491   27    0.39589        0.12871        0.95467   26.73078   27    0.47839       -0.07499   
    1.45420   40.71754   27    0.04383        1.54910        1.39492   39.05776   27    0.06260        1.38677   
    0.68950   19.30595   27    0.85859       -1.16666        0.67350   18.85799   27    0.87512       -1.21993   
    1.70403   47.71270   27    0.00827        2.17495        1.43576   40.20140   27    0.04906        1.45462   
    1.84126   51.55518   27    0.00299        2.55243        1.59310   44.60670   27    0.01788        1.88693   
    0.69715   19.52017   27    0.85028       -1.15433        0.63446   17.76479   27    0.91054       -1.46928   
    1.02459   28.68849   27    0.37616        0.18044        0.98370   27.54363   27    0.43478        0.03530   
    1.03064   28.85793   27    0.36782        0.20816        1.06928   29.93989   27    0.31686        0.37075   
    0.43050   12.05393   27    0.99408       -2.54024        0.33672    9.42822   27    0.99930       -3.17197   
    0.73968   20.71115   27    0.79963       -0.97224        0.69959   19.58840   27    0.84758       -1.12577   
    0.32106    8.98970   27    0.99955       -3.41753        0.33334    9.33356   27    0.99936       -3.23856   
    0.63898   17.89141   27    0.90680       -1.42464        0.65981   18.47480   27    0.88834       -1.29401   
    0.55145   15.44063   27    0.96279       -1.85915        0.51464   14.41000   27    0.97692       -2.02453   
    1.07054   29.97517   27    0.31527        0.34388        1.06350   29.77804   27    0.32422        0.32032   
    1.60306   44.88557   27    0.01672        1.94768        1.43087   40.06438   27    0.05053        1.47900   
    0.90739   25.40681   27    0.55168       -0.24936        0.84769   23.73526   27    0.64496       -0.48105   
    1.89592   53.08583   27    0.00197        2.71084        1.92212   53.81933   27    0.00160        2.75730   
    1.22074   34.18064   27    0.16086        0.86303        1.20741   33.80735   27    0.17172        0.80295   
    0.67813   18.98773   27    0.87045       -1.21130        0.62684   17.55160   27    0.91663       -1.43666   
    2.24917   62.97681   27    0.00011 +++    3.43983***     2.18031   61.04865   27    0.00019 +++    3.25002   
    1.50885   42.24778   27    0.03111        1.66781        1.65613   46.37166   27    0.01160        2.03806   
    0.51966   14.55048   27    0.97528       -2.00548        0.53204   14.89712   27    0.97085       -1.92729   
    0.32723    9.16246   27    0.99946       -3.51809        0.34161    9.56511   27    0.99920       -3.31415   
    0.38316   10.72849   27    0.99777       -2.83505        0.41297   11.56329   27    0.99579       -2.62061   
    0.56089   15.70482   27    0.95834       -1.84400        0.60728   17.00379   27    0.93103       -1.56034   
    1.25990   35.27719   27    0.13198        1.06262        1.23558   34.59629   27    0.14939        0.96689   
    0.68864   19.28195   27    0.85950       -1.16118        0.65221   18.26198   27    0.89531       -1.32646   
    1.46921   41.13774   27    0.03995        1.55788        1.41628   39.65586   27    0.05516        1.40328   
    1.24675   34.90909   27    0.14118        0.91220        1.06740   29.88729   27    0.31924        0.32756   
    0.69479   19.45409   27    0.85287       -1.13115        0.65863   18.44153   27    0.88945       -1.28515   
    0.28514    7.98405   27    0.99986       -3.73456        0.28961    8.10911   27    0.99983       -3.60124   
    0.79102   22.14848   27    0.72979       -0.71877        0.79607   22.28989   27    0.72250       -0.68485   
    0.66705   18.67732   27    0.88146       -1.27841        0.70846   19.83699   27    0.83753       -1.06449   
    1.35688   37.99269   27    0.07798        1.46465        1.39263   38.99367   27    0.06344        1.59700   
    0.84373   23.62441   27    0.65106       -0.61862        0.87757   24.57204   27    0.59843       -0.46011   
    0.61579   17.24225   27    0.92498       -1.68110        0.71413   19.99578   27    0.83093       -1.14245   
    1.34481   37.65477   27    0.08348        1.22874        1.48495   41.57847   27    0.03620        1.64537   
    0.69899   19.57165   27    0.84824       -1.13628        0.64153   17.96295   27    0.90465       -1.41700   
    0.29420    8.23771   27    0.99981       -3.94557        0.30802    8.62461   27    0.99970       -3.75138   
    0.62744   17.56831   27    0.91616       -1.46930        0.68897   19.29114   27    0.85915       -1.15224   
    0.49668   13.90718   27    0.98214       -2.28031        0.45277   12.67745   27    0.99115       -2.48414   
    0.87874   24.60471   27    0.59660       -0.38083        0.83993   23.51810   27    0.65689       -0.52308   
    1.31344   36.77624   27    0.09932        1.16230        1.25006   35.00170   27    0.13882        0.94044   
    0.51079   14.30208   27    0.97813       -2.42984        0.55860   15.64087   27    0.95945       -2.11478   
    1.27784   35.77942   27    0.12020        1.11553        1.19524   33.46679   27    0.18210        0.81539   
    0.89332   25.01284   27    0.57374       -0.31693        0.64165   17.96623   27    0.90455       -1.43585   
    0.27850    7.79810   27    0.99989       -3.90651        0.25020    7.00550   27    0.99996       -4.06013   
    1.28294   35.92239   27    0.11700        1.02841        1.29188   36.17258   27    0.11158        1.04260   
    0.79622   22.29421   27    0.72228       -0.71330        0.90401   25.31238   27    0.55696       -0.26308   
    1.27249   35.62972   27    0.12362        1.01291        1.04447   29.24524   27    0.34911        0.25139   
    0.27178    7.60983   27    0.99991       -3.74559        0.29063    8.13750   27    0.99983       -3.51715   
    1.93592   54.20573   27    0.00144        2.96377        1.92592   53.92579   27    0.00155        2.87284   
    0.43634   12.21749   27    0.99340       -2.65608        0.43903   12.29271   27    0.99307       -2.56624   
    0.37911   10.61505   27    0.99797       -3.20529        0.38098   10.66753   27    0.99788       -3.12296   
    0.35138    9.83865   27    0.99897       -3.05683        0.34873    9.76444   27    0.99903       -3.05087   
    0.54489   15.25686   27    0.96567       -1.88280        0.40229   11.26409   27    0.99662       -2.72810   
    0.62762   17.57347   27    0.91602       -1.47476        0.61586   17.24411   27    0.92493       -1.50202   
    0.50043   14.01200   27    0.98114       -2.11938        0.38396   10.75078   27    0.99773       -2.83174   
    0.99104   27.74907   27    0.42400        0.06135        0.88923   24.89838   27    0.58016       -0.31467   
    1.76006   49.28181   27    0.00550        2.38644        1.61150   45.12187   27    0.01579        1.95776   
    1.50583   42.16311   27    0.03172        1.86355        1.39241   38.98743   27    0.06353        1.48485   
    0.97688   27.35258   27    0.44490        0.01013        0.93526   26.18732   27    0.50822       -0.14162   
    0.76893   21.53009   27    0.76086       -0.82832        0.74932   20.98087   27    0.78718       -0.89206   
    1.04241   29.18743   27    0.35187        0.24620        1.18927   33.29958   27    0.18736        0.74720   
    0.73102   20.46845   27    0.81053       -1.08766        0.71251   19.95017   27    0.83284       -1.14885   
    0.22060    6.17685   27    0.99999       -4.16338        0.22357    6.26005   27    0.99999       -4.12655   
    0.97064   27.17779   27    0.45423       -0.02283        1.00739   28.20701   27    0.40036        0.11799   
    1.95931   54.86076   27    0.00119        2.86469        1.74540   48.87119   27    0.00613        2.35638   
    1.26387   35.38832   27    0.12930        0.98268        1.18444   33.16430   27    0.19170        0.71718   
    0.74516   20.86437   27    0.79260       -0.99009        0.82859   23.20050   27    0.67420       -0.59377   
    1.10485   30.93570   27    0.27379        0.50547        1.03513   28.98361   27    0.36169        0.22116   
    0.92317   25.84875   27    0.52701       -0.24545        0.95275   26.67708   27    0.48132       -0.11547   
    0.51821   14.50996   27    0.97576       -2.02572        0.46095   12.90671   27    0.98983       -2.32374   
    1.18732   33.24509   27    0.18910        0.70352        1.29625   36.29510   27    0.10900        1.00843   
    0.89619   25.09337   27    0.56923       -0.29131        0.81135   22.71784   27    0.70007       -0.62534   
    1.59955   44.78735   27    0.01712        1.90968        1.69720   47.52158   27    0.00868        2.15183   
    0.66731   18.68479   27    0.88120       -1.34737        0.60319   16.88939   27    0.93382       -1.62906   
    0.69688   19.51253   27    0.85058       -1.12017        0.61739   17.28685   27    0.92381       -1.48408   
    0.44428   12.43971   27    0.99238       -2.52932        0.48626   13.61539   27    0.98473       -2.21629   
    2.52713   70.75975   27    0.00001 +++    4.16239***     2.72280   76.23834   27    0.00000 +++    4.43840***
    0.46108   12.91035   27    0.98981       -2.61314        0.45106   12.62965   27    0.99141       -2.61973   
    1.13708   31.83829   27    0.23813        0.62127        1.17251   32.83018   27    0.20273        0.74795   
    0.21762    6.09343   27    0.99999       -4.58490        0.24688    6.91252   27    0.99997       -4.17819   
    0.94407   26.43398   27    0.49463       -0.11714        0.85118   23.83300   27    0.63956       -0.48701   
    2.01674   56.46879   27    0.00075 +++    2.99219        2.20002   61.60061   27    0.00016 +++    3.42922***
    1.20381   33.70655   27    0.17474        0.82105        1.25976   35.27316   27    0.13208        0.98681   
    0.54878   15.36576   27    0.96398       -1.99433        0.54646   15.30084   27    0.96500       -1.95193   
    0.62069   17.37928   27    0.92135       -1.52812        0.58959   16.50859   27    0.94255       -1.64728   
    1.30541   36.55153   27    0.10375        1.11067        1.05970   29.67154   27    0.32911        0.30625   
    1.46304   40.96512   27    0.04150        1.71872        1.56740   43.88729   27    0.02124        2.00750   
    1.25712   35.19923   27    0.13389        0.94586        1.40997   39.47905   27    0.05727        1.39691   
    2.74223   76.78234   27    0.00000 +++    4.90999***     3.01037   84.29028   27    0.00000 +++    5.35589***
    1.86551   52.23437   27    0.00249        2.59513        1.78373   49.94450   27    0.00462        2.40057   
    1.08473   30.37234   27    0.29769        0.39030        1.14043   31.93194   27    0.23461        0.57138   
    0.92099   25.78786   27    0.53040       -0.20759        1.04720   29.32148   27    0.34549        0.25977   
    0.84039   23.53100   27    0.65618       -0.54765        0.79810   22.34671   27    0.71956       -0.70649   
    0.47682   13.35108   27    0.98682       -2.41509        0.51717   14.48077   27    0.97610       -2.10970   
    0.52224   14.62279   27    0.97440       -2.02046        0.51794   14.50223   27    0.97585       -2.04935   
    1.17928   33.01987   27    0.19641        0.71884        1.21005   33.88135   27    0.16952        0.80506   
    0.91121   25.51381   27    0.54569       -0.25965        0.86031   24.08879   27    0.62539       -0.45251   
    0.14381    4.02679   27    1.00000       -5.20649        0.16024    4.48676   27    1.00000       -4.86990   
    2.90018   81.20491   27    0.00000 +++    4.95543***     3.07956   86.22755   27    0.00000 +++    5.15371***
    3.01234   84.34547   27    0.00000 +++    5.52584***     3.02377   84.66559   27    0.00000 +++    5.48197***
    1.44893   40.56993   27    0.04527        1.53895        1.17889   33.00884   27    0.19678        0.70614   
    0.92088   25.78468   27    0.53057       -0.20461        0.93279   26.11824   27    0.51205       -0.15232   
    1.00456   28.12774   27    0.40441        0.10733        0.97232   27.22506   27    0.45170       -0.01254   
    0.81765   22.89429   27    0.69068       -0.66132        0.88914   24.89605   27    0.58029       -0.34250   
    1.44083   40.34311   27    0.04757        1.48097        1.31918   36.93706   27    0.09625        1.12099   
    0.64306   18.00564   27    0.90335       -1.42047        0.71350   19.97812   27    0.83167       -1.09117   
    1.20484   33.73555   27    0.17387        0.79635        1.25737   35.20635   27    0.13372        0.97092   
    1.15620   32.37355   27    0.21853        0.64788        1.13279   31.71811   27    0.24269        0.55760   
    1.78123   49.87433   27    0.00471        2.37934        1.91091   53.50549   27    0.00175        2.65528   
    1.73492   48.57790   27    0.00661        2.26395        1.46976   41.15337   27    0.03981        1.56633   
    0.33155    9.28348   27    0.99939       -3.63136        0.30633    8.57727   27    0.99971       -3.78051   
    0.80284   22.47952   27    0.71263       -0.66235        0.88484   24.77559   27    0.58704       -0.33007   
    0.45373   12.70454   27    0.99101       -2.47473        0.46325   12.97095   27    0.98943       -2.35620   
    1.24424   34.83879   27    0.14300        0.89476        1.60092   44.82575   27    0.01696        1.85305   
    0.81784   22.89963   27    0.69039       -0.60358        0.85347   23.89716   27    0.63601       -0.45214   
    0.69981   19.59480   27    0.84732       -1.11125        0.70369   19.70321   27    0.84298       -1.07941   
    1.08027   30.24751   27    0.30315        0.37845        1.17122   32.79419   27    0.20395        0.68974   
    0.91683   25.67125   27    0.53690       -0.21186        0.85539   23.95090   27    0.63304       -0.44480   
    0.81303   22.76475   27    0.69758       -0.62228        0.77052   21.57463   27    0.75867       -0.79701   
    0.34667    9.70681   27    0.99909       -3.15875        0.40520   11.34567   27    0.99641       -2.69256   
    0.56164   15.72581   27    0.95797       -1.85984        0.61102   17.10849   27    0.92841       -1.55523   
    0.79825   22.35095   27    0.71934       -0.68106        0.76656   21.46370   27    0.76410       -0.80641   
    0.80929   22.66000   27    0.70314       -0.63657        0.92742   25.96765   27    0.52040       -0.16908   
    0.82192   23.01365   27    0.68428       -0.58369        0.81322   22.77029   27    0.69729       -0.61359   
    0.67979   19.03415   27    0.86875       -1.41934        0.64772   18.13605   27    0.89931       -1.58026   
    2.03496   56.97900   27    0.00065 +++    3.03868        1.56747   43.88908   27    0.02123        1.86735   
    0.82870   23.20357   27    0.67403       -0.56162        0.94761   26.53320   27    0.48918       -0.09494   
    0.95984   26.87543   27    0.47053       -0.05338        0.92909   26.01465   27    0.51779       -0.16334   
    1.03154   28.88321   27    0.36659        0.20547        1.24390   34.82920   27    0.14325        0.92653   
    1.72758   48.37220   27    0.00698        2.23280        1.64630   46.09646   27    0.01242        2.01770   
    0.34784    9.73948   27    0.99906       -3.12525        0.38231   10.70472   27    0.99782       -2.83069   
    0.41203   11.53691   27    0.99587       -2.98046        0.48163   13.48552   27    0.98579       -2.45404   
    0.68259   19.11259   27    0.86586       -1.18552        0.66445   18.60453   27    0.88396       -1.25926   
    0.78833   22.07335   27    0.73364       -0.78078        0.81112   22.71128   27    0.70042       -0.65831   
    1.43643   40.21997   27    0.04886        1.47433        1.39130   38.95640   27    0.06394        1.31771   
    1.31634   36.85757   27    0.09776        1.13504        1.17847   32.99727   27    0.19716        0.70523   
    0.82908   23.21427   27    0.67345       -0.65190        0.80223   22.46230   27    0.71353       -0.76158   
    2.88862   80.88135   27    0.00000 +++    4.65641***     3.11940   87.34326   27    0.00000 +++    5.04611***
    1.09477   30.65357   27    0.28560        0.42287        0.96053   26.89492   27    0.46948       -0.04762   
    3.34664   93.70591   27    0.00000 +++    5.40313***     3.51480   98.41438   27    0.00000 +++    5.61888***
    1.32532   37.10891   27    0.09305        1.17735        1.26271   35.35587   27    0.13008        0.98768   
    1.52157   42.60405   27    0.02867        1.70093        1.47607   41.32983   27    0.03827        1.56962   
    0.70988   19.87658   27    0.83590       -1.15714        0.65653   18.38282   27    0.89138       -1.38104   
    0.97789   27.38100   27    0.44339        0.01260        0.82937   23.22235   27    0.67301       -0.55926   
    0.50262   14.07338   27    0.98053       -2.26748        0.49663   13.90560   27    0.98216       -2.24081   
    0.26871    7.52375   27    0.99992       -3.78150        0.27626    7.73517   27    0.99990       -3.64163   
    1.73967   48.71064   27    0.00639        2.27072        1.66580   46.64227   27    0.01084        2.06315   
    0.64173   17.96852   27    0.90448       -1.38946        0.55860   15.64073   27    0.95945       -1.80872   
    1.60829   45.03218   27    0.01613        1.91974        1.31789   36.90106   27    0.09693        1.09697   
    0.55886   15.64817   27    0.95933       -1.79896        0.58371   16.34392   27    0.94607       -1.66441   
    0.55710   15.59883   27    0.96017       -2.21005        0.53986   15.11601   27    0.96777       -2.33302   
    2.74173   76.76842   27    0.00000 +++    4.40277***     2.68049   75.05363   27    0.00000 +++    4.23226***
    1.57109   43.99046   27    0.02072        1.88090        1.85525   51.94699   27    0.00269        2.63138   
    0.72216   20.22041   27    0.82138       -1.01835        0.65043   18.21196   27    0.89691       -1.35094   
    0.53512   14.98349   27    0.96966       -2.22794        0.61774   17.29659   27    0.92355       -1.71701   
    0.65153   18.24276   27    0.89592       -1.46817        0.65784   18.41960   27    0.89017       -1.39710   
    0.33702    9.43663   27    0.99929       -3.24288        0.38662   10.82526   27    0.99759       -2.82306   
    0.30340    8.49508   27    0.99974       -3.75837        0.31946    8.94488   27    0.99957       -3.53305   
    0.24344    6.81637   27    0.99997       -4.50044        0.23765    6.65414   27    0.99998       -4.49654   
    1.77196   49.61485   27    0.00504        2.64952        1.69422   47.43803   27    0.00887        2.40015   
    0.29000    8.12004   27    0.99983       -3.89051        0.29525    8.26699   27    0.99980       -3.75229   
    0.21685    6.07191   27    0.99999       -4.24379        0.23598    6.60733   27    0.99998       -3.98462   
    1.06864   29.92186   27    0.31768        0.35436        1.07077   29.98168   27    0.31498        0.35976   
    1.38826   38.87142   27    0.06508        1.33581        1.48838   41.67450   27    0.03543        1.59989   
    0.88315   24.72814   27    0.58969       -0.31810        0.89789   25.14090   27    0.56657       -0.25288   
    0.96678   27.06990   27    0.46003       -0.03727        1.00203   28.05670   27    0.40805        0.09851   
    0.63774   17.85685   27    0.90783       -1.60438        0.70814   19.82783   27    0.83790       -1.21189   
    0.60290   16.88113   27    0.93401       -1.77143        0.59360   16.62089   27    0.94006       -1.78495   
    0.67948   19.02535   27    0.86908       -1.20268        0.50753   14.21076   27    0.97911       -2.06836   
    0.65344   18.29638   27    0.89420       -1.34440        0.61243   17.14818   27    0.92740       -1.51605   
    0.49917   13.97663   27    0.98148       -2.12020        0.57560   16.11681   27    0.95068       -1.69110   
    1.10328   30.89190   27    0.27560        0.46239        1.09218   30.58095   27    0.28869        0.41743   
    0.58321   16.32991   27    0.94636       -1.71475        0.64225   17.98291   27    0.90404       -1.42769   
    1.54166   43.16639   27    0.02516        1.79046        1.16104   32.50917   27    0.21375        0.64176   
    0.22839    6.39480   27    0.99999       -4.27367        0.22808    6.38611   27    0.99999       -4.16589   
    1.02043   28.57193   27    0.38196        0.16504        0.98156   27.48379   27    0.43794        0.02411   
    0.58990   16.51714   27    0.94236       -1.65036        0.58181   16.29077   27    0.94718       -1.69243   
    0.72132   20.19689   27    0.82239       -1.01592        0.81052   22.69460   27    0.70131       -0.63218   
    0.69551   19.47425   27    0.85208       -1.12868        0.73876   20.68542   27    0.80080       -0.92476   
    0.61544   17.23226   27    0.92524       -1.54044        0.61440   17.20315   27    0.92599       -1.51239   
    3.48039   97.45081   27    0.00000 +++    5.78169***     3.76165  105.32618   27    0.00000 +++    6.22192***
    0.30362    8.50150   27    0.99974       -3.75324        0.32613    9.13177   27    0.99948       -3.47555   
    0.74722   20.92229   27    0.78991       -0.94046        0.70037   19.61027   27    0.84671       -1.12435   
    2.03220   56.90152   27    0.00066 +++    3.00973        2.27918   63.81696   27    0.00008 +++    3.57152***
    0.85134   23.83743   27    0.63932       -0.47449        0.84228   23.58395   27    0.65328       -0.51249   
    0.85023   23.80635   27    0.64103       -0.48495        0.80804   22.62521   27    0.70497       -0.64259   
    0.63536   17.79019   27    0.90980       -1.41740        0.70199   19.65582   27    0.84488       -1.08805   
    0.77232   21.62504   27    0.75618       -0.83197        0.77367   21.66267   27    0.75432       -0.80156   
    0.83662   23.42548   27    0.66196       -0.62192        0.86151   24.12226   27    0.62353       -0.49975   
    1.43383   40.14734   27    0.04963        1.49876        1.16571   32.63986   27    0.20922        0.67282   
    0.51786   14.50010   27    0.97588       -2.31958        0.49252   13.79066   27    0.98322       -2.44519   
    0.50327   14.09151   27    0.98035       -2.11445        0.53130   14.87648   27    0.97113       -1.92768   
    1.46553   41.03495   27    0.04087        1.56891        1.42553   39.91480   27    0.05218        1.45928   
    0.44141   12.35961   27    0.99276       -2.46428        0.45717   12.80073   27    0.99046       -2.34330   
    0.65032   18.20900   27    0.89700       -1.34580        0.69334   19.41343   27    0.85445       -1.12718   
    1.64442   46.04373   27    0.01259        2.10637        1.59520   44.66564   27    0.01763        1.92944   
    0.27627    7.73564   27    0.99990       -4.01566        0.28461    7.96905   27    0.99986       -3.84571   
    0.57226   16.02328   27    0.95250       -1.76138        0.66026   18.48718   27    0.88793       -1.32633   
    0.95510   26.74282   27    0.47774       -0.07010        1.06482   29.81509   27    0.32253        0.31883   
    0.83248   23.30936   27    0.66829       -0.54182        0.73483   20.57537   27    0.80576       -0.94755   
    1.17481   32.89480   27    0.20056        0.73041        1.29136   36.15805   27    0.11189        1.10282   
    1.76130   49.31628   27    0.00545        2.38142        1.57754   44.17111   27    0.01985        1.91411   
    0.87250   24.42997   27    0.60637       -0.43150        0.88959   24.90858   27    0.57959       -0.34637   
    0.92297   25.84325   27    0.52731       -0.21049        0.91263   25.55357   27    0.54347       -0.24086   
    0.97138   27.19861   27    0.45312       -0.01224        1.01608   28.45016   27    0.38805        0.14996   
    0.92092   25.78570   27    0.53052       -0.22754        0.82806   23.18556   27    0.67500       -0.60021   
    0.72706   20.35758   27    0.81542       -0.98745        0.69444   19.44445   27    0.85324       -1.12062   
    0.44010   12.32291   27    0.99293       -2.50345        0.46190   12.93316   27    0.98967       -2.32724   
    1.39446   39.04475   27    0.06277        1.36704        1.40338   39.29478   27    0.05955        1.37146   
    0.87303   24.44492   27    0.60554       -0.40531        0.88607   24.80987   27    0.58512       -0.33936   
    0.61592   17.24565   27    0.92489       -1.71876        0.64055   17.93532   27    0.90548       -1.55436   
    0.80250   22.46992   27    0.71313       -0.66387        0.81946   22.94501   27    0.68796       -0.58751   
    0.86416   24.19649   27    0.61940       -0.43495        0.93388   26.14869   27    0.51036       -0.15121   
    1.00287   28.08031   27    0.40684        0.10365        0.94101   26.34835   27    0.49934       -0.11967   
    0.76674   21.46875   27    0.76386       -0.85210        0.69433   19.44112   27    0.85337       -1.15091   
    0.66312   18.56743   27    0.88522       -1.27653        0.74366   20.82261   27    0.79453       -0.90729   
    1.06772   29.89605   27    0.31884        0.33277        1.20067   33.61889   27    0.17741        0.76678   
    2.11881   59.32663   27    0.00032 +++    3.22791        2.10142   58.83964   27    0.00037 +++    3.17698   
    0.45738   12.80655   27    0.99043       -2.71738        0.49769   13.93540   27    0.98188       -2.41291   
    2.02893   56.81004   27    0.00068 +++    3.02748        2.17409   60.87454   27    0.00020 +++    3.35764***
    0.87721   24.56198   27    0.59899       -0.44057        0.86704   24.27713   27    0.61490       -0.47748   
    2.25573   63.16046   27    0.00010 +++    3.31153***     2.71314   75.96793   27    0.00000 +++    4.08194***
    0.31708    8.87812   27    0.99960       -3.77137        0.29447    8.24510   27    0.99980       -3.90724   
    0.96208   26.93827   27    0.46713       -0.04665        0.91367   25.58275   27    0.54184       -0.23014   
    0.65322   18.29014   27    0.89440       -1.35385        0.58777   16.45748   27    0.94366       -1.69154   
    0.92623   25.93452   27    0.52224       -0.18789        1.02736   28.76596   27    0.37234        0.19035   
    0.90702   25.39650   27    0.55225       -0.24932        0.88848   24.87758   27    0.58132       -0.31610   
    1.94669   54.50741   27    0.00132        2.83321        1.81055   50.69551   27    0.00378        2.49453   
    1.33547   37.39315   27    0.08796        1.21718        1.45986   40.87613   27    0.04233        1.55319   
    0.96794   27.10222   27    0.45829       -0.03404        1.02680   28.75044   27    0.37310        0.18834   
    0.22648    6.34140   27    0.99999       -4.40061        0.32242    9.02781   27    0.99953       -3.43111   
    1.88592   52.80574   27    0.00212        2.69068        2.01384   56.38755   27    0.00077 +++    2.99298   
    1.14244   31.98836   27    0.23252        0.60356        1.04249   29.18977   27    0.35176        0.24494   
    2.31596   64.84695   27    0.00006 +++    3.65083***     2.10507   58.94204   27    0.00036 +++    3.17256   
    0.98953   27.70695   27    0.42620        0.05329        1.42722   39.96209   27    0.05166        1.44190   
    0.86833   24.31332   27    0.61289       -0.40549        0.84119   23.55340   27    0.65496       -0.51518   
    0.53829   15.07219   27    0.96841       -1.96723        0.53395   14.95060   27    0.97012       -2.00778   
    0.86219   24.14140   27    0.62246       -0.44744        0.81953   22.94678   27    0.68787       -0.60600   
    1.94055   54.33531   27    0.00138        3.29005        1.94174   54.36877   27    0.00137        3.30773***
    0.62480   17.49446   27    0.91821       -1.51345        0.65943   18.46416   27    0.88869       -1.30775   
    0.66149   18.52184   27    0.88676       -1.28353        0.65390   18.30932   27    0.89378       -1.30892   
    0.61165   17.12615   27    0.92796       -1.53836        0.57101   15.98818   27    0.95317       -1.71841   
    1.02092   28.58574   27    0.38127        0.16685        1.17749   32.96975   27    0.19807        0.70266   
    0.85554   23.95518   27    0.63280       -0.46565        0.83951   23.50617   27    0.65755       -0.52159   
    1.12015   31.36433   27    0.25644        0.51518        1.10226   30.86316   27    0.27679        0.45631   
    1.57561   44.11706   27    0.02011        1.87611        1.38779   38.85812   27    0.06526        1.32870   
    1.08889   30.48895   27    0.29264        0.40345        0.99560   27.87688   27    0.41734        0.07838   
    1.89778   53.13773   27    0.00194        2.65572        1.98358   55.54034   27    0.00098 +++    2.81932   
    0.39132   10.95704   27    0.99733       -2.83138        0.51123   14.31436   27    0.97799       -2.09772   
    1.65620   46.37350   27    0.01159        2.10922        1.20707   33.79789   27    0.17200        0.79999   
    4.63257  129.71205   27    0.00000 +++    7.38216***     5.09847  142.75726   27    0.00000 +++    8.01801***
    0.32068    8.97896   27    0.99956       -3.42987        0.32084    8.98355   27    0.99955       -3.34153   
    0.46949   13.14577   27    0.98829       -2.36836        0.73801   20.66419   27    0.80176       -0.97041   
    0.47247   13.22928   27    0.98771       -2.33811        0.42851   11.99822   27    0.99430       -2.63483   
    0.70786   19.82020   27    0.83822       -1.09652        0.71168   19.92699   27    0.83381       -1.05485   
    1.29300   36.20393   27    0.11091        1.07648        1.22156   34.20361   27    0.16021        0.84674   
    1.46205   40.93737   27    0.04176        1.76535        1.53753   43.05088   27    0.02585        1.99397   
    0.71855   20.11942   27    0.82571       -1.19912        0.69423   19.43856   27    0.85347       -1.30703   
    0.80644   22.58041   27    0.70734       -0.64983        0.74147   20.76120   27    0.79734       -0.91333   
    1.56215   43.74033   27    0.02199        1.82759        1.61272   45.15625   27    0.01565        1.93381   
    0.55666   15.58662   27    0.96038       -1.82528        0.57098   15.98731   27    0.95319       -1.72036   
    1.66243   46.54794   27    0.01110        2.11178        1.55192   43.45385   27    0.02353        1.78559   
    0.68711   19.23900   27    0.86113       -1.35156        0.73755   20.65149   27    0.80234       -1.07694   
    1.42035   39.76980   27    0.05383        1.43740        1.41824   39.71072   27    0.05452        1.41097   
    0.69517   19.46464   27    0.85246       -1.16602        0.83870   23.48350   27    0.65879       -0.54242   
    1.17196   32.81485   27    0.20325        0.69036        0.99766   27.93439   27    0.41436        0.08153   
    0.92919   26.01730   27    0.51764       -0.21491        0.96146   26.92089   27    0.46807       -0.07503   
    1.48048   41.45338   27    0.03723        1.76481        1.45311   40.68700   27    0.04413        1.65312   
    1.12949   31.62571   27    0.24623        0.53777        1.10473   30.93240   27    0.27392        0.45257   
    0.57975   16.23300   27    0.94836       -1.83279        0.60940   17.06318   27    0.92955       -1.62497   
    1.19499   33.45966   27    0.18232        0.76524        1.45684   40.79146   27    0.04313        1.55627   
    1.37189   38.41300   27    0.07156        1.31122        1.32372   37.06403   27    0.09388        1.14638   
    0.76486   21.41603   27    0.76643       -0.82493        0.85159   23.84454   27    0.63893       -0.46524   
    1.60515   44.94427   27    0.01648        1.97604        1.46455   41.00733   27    0.04112        1.58319   
    0.32258    9.03214   27    0.99953       -3.29309        0.32505    9.10153   27    0.99950       -3.27133   
    0.61306   17.16578   27    0.92695       -1.54154        0.54529   15.26806   27    0.96550       -1.89966   
    0.49529   13.86813   27    0.98251       -2.48793        0.46719   13.08126   27    0.98872       -2.64437   
    0.91268   25.55492   27    0.54339       -0.23098        0.71885   20.12779   27    0.82535       -1.03113   
    0.42083   11.78329   27    0.99508       -2.75344        0.42476   11.89341   27    0.99469       -2.65274   
    0.66683   18.67123   27    0.88167       -1.25926        0.55795   15.62264   27    0.95976       -1.78889   
    0.54267   15.19480   27    0.96661       -1.99905        0.58115   16.27213   27    0.94756       -1.73557   
    1.16182   32.53086   27    0.21299        0.64314        1.18214   33.09979   27    0.19380        0.70307   
    1.14354   32.01916   27    0.23138        0.64744        1.22371   34.26380   27    0.15851        0.93681   
    0.55643   15.58017   27    0.96048       -1.80706        0.48446   13.56501   27    0.98515       -2.19278   
    1.46634   41.05746   27    0.04067        1.60995        1.40612   39.37125   27    0.05860        1.40326   
    1.06848   29.91731   27    0.31788        0.33240        1.18252   33.11060   27    0.19344        0.70613   
    0.60001   16.80035   27    0.93593       -1.68507        0.61121   17.11394   27    0.92827       -1.57991   
    0.47530   13.30844   27    0.98714       -2.25810        0.50120   14.03350   27    0.98093       -2.09824   
    0.20528    5.74794   27    1.00000       -4.50256        0.20986    5.87602   27    0.99999       -4.33973   
    1.26832   35.51296   27    0.12634        1.00042        0.96412   26.99522   27    0.46405       -0.04459   
    0.66582   18.64299   27    0.88264       -1.27185        0.72414   20.27579   27    0.81899       -1.00344   
    0.70468   19.73103   27    0.84185       -1.08573        0.58072   16.26021   27    0.94780       -1.66495   
    0.45415   12.71609   27    0.99094       -2.76470        0.44656   12.50380   27    0.99207       -2.78457   
    1.75738   49.20659   27    0.00561        2.30932        1.77341   49.65546   27    0.00499        2.32770   
    0.37372   10.46412   27    0.99821       -3.01153        0.37405   10.47327   27    0.99820       -2.93543   
    1.59601   44.68832   27    0.01753        1.90017        1.55888   43.64866   27    0.02247        1.79565   
    0.53572   15.00021   27    0.96943       -1.80775        0.85547   23.95317   27    0.63291       -0.39736   
    0.56172   15.72812   27    0.95793       -1.84350        0.57328   16.05188   27    0.95195       -1.73709   
    0.36464   10.20992   27    0.99856       -3.00109        0.33995    9.51859   27    0.99924       -3.12590   
    0.29415    8.23611   27    0.99981       -3.57449        0.27213    7.61972   27    0.99991       -3.68253   
    0.66221   18.54180   27    0.88609       -1.28942        0.57779   16.17800   27    0.94947       -1.70422   
    1.02227   28.62352   27    0.37939        0.17204        1.03830   29.07230   27    0.35740        0.22945   
    1.08711   30.43904   27    0.29479        0.40168        0.97016   27.16461   27    0.45494       -0.02153   
    1.36757   38.29189   27    0.07336        1.38275        1.36120   38.11349   27    0.07609        1.33601   
    1.01902   28.53268   27    0.38392        0.16045        1.03516   28.98461   27    0.36165        0.21815   
    0.81882   22.92700   27    0.68893       -0.60093        0.77376   21.66526   27    0.75419       -0.77663   
    1.59559   44.67663   27    0.01758        2.14372        1.65127   46.23563   27    0.01200        2.28061   
    1.04871   29.36396   27    0.34348        0.26455        1.36405   38.19340   27    0.07486        1.25153   
    0.40209   11.25850   27    0.99664       -2.77280        0.45620   12.77372   27    0.99062       -2.37469   
    0.23889    6.68897   27    0.99998       -4.02888        0.27739    7.76706   27    0.99989       -3.69442   
    1.01335   28.37391   27    0.39189        0.14026        0.90827   25.43147   27    0.55030       -0.24294   
    0.58797   16.46326   27    0.94353       -1.70960        0.57211   16.01898   27    0.95258       -1.74815   
    1.02960   28.82885   27    0.36925        0.19840        1.00213   28.05960   27    0.40791        0.10052   
    0.51227   14.34364   27    0.97767       -2.07772        0.49561   13.87710   27    0.98243       -2.13287   
    0.74599   20.88783   27    0.79151       -0.93018        0.62877   17.60567   27    0.91511       -1.49434   
    0.91108   25.51026   27    0.54589       -0.30426        0.98334   27.53358   27    0.43531        0.01009   
    0.76883   21.52729   27    0.76099       -0.81204        0.72677   20.34967   27    0.81577       -0.99494   
    0.72563   20.31775   27    0.81716       -1.02517        1.07166   30.00661   27    0.31386        0.34919   
    2.63156   73.68356   27    0.00000 +++    4.29123***     2.21626   62.05533   27    0.00014 +++    3.43640***
    0.94228   26.38384   27    0.49739       -0.11725        0.95073   26.62050   27    0.48441       -0.08306   
    0.64259   17.99251   27    0.90375       -1.37326        0.72726   20.36319   27    0.81517       -0.97601   
    1.97967   55.43071   27    0.00101        2.83492        2.40818   67.42906   27    0.00003 +++    3.73184***
    0.40433   11.32138   27    0.99647       -2.69592        0.38538   10.79060   27    0.99766       -2.79676   
    1.11106   31.10956   27    0.26666        0.47745        1.30661   36.58496   27    0.10308        1.08483   
    0.27112    7.59122   27    0.99991       -4.05593        0.29821    8.34986   27    0.99978       -3.71886   
    1.21381   33.98659   27    0.16644        0.81510        1.12483   31.49519   27    0.25130        0.52007   
    0.43044   12.05227   27    0.99409       -2.52808        0.40399   11.31172   27    0.99650       -2.68057   
    0.51595   14.44657   27    0.97650       -2.03802        0.48012   13.44346   27    0.98612       -2.23941   
    0.88658   24.82426   27    0.58431       -0.32982        0.84481   23.65466   27    0.64940       -0.48642   
    1.95846   54.83679   27    0.00120        3.03787        1.87308   52.44621   27    0.00235        2.76050   
    1.02154   28.60307   27    0.38041        0.16946        1.01808   28.50633   27    0.38524        0.15700   
    0.31172    8.72802   27    0.99966       -3.68606        0.31584    8.84342   27    0.99962       -3.56162   
    0.68073   19.06057   27    0.86778       -1.21906        0.75395   21.11052   27    0.78108       -0.86746   
    0.76468   21.41090   27    0.76668       -0.82773        0.90435   25.32172   27    0.55644       -0.25606   
    1.72500   48.30009   27    0.00711        2.49955        1.71871   48.12374   27    0.00744        2.44594   
    1.02896   28.81102   27    0.37012        0.19627        1.06461   29.80902   27    0.32280        0.32108   
    0.66084   18.50339   27    0.88738       -1.33372        0.74671   20.90776   27    0.79059       -0.93680   
    0.68716   19.24038   27    0.86108       -1.17983        0.70173   19.64843   27    0.84518       -1.11408   
    0.59187   16.57235   27    0.94114       -1.62468        0.64621   18.09396   27    0.90062       -1.35065   
    0.79432   22.24092   27    0.72504       -0.72784        0.82375   23.06496   27    0.68152       -0.58479   
    2.66398   74.59137   27    0.00000 +++    4.34216***     2.03130   56.87649   27    0.00067 +++    2.99510   
    0.61085   17.10392   27    0.92853       -1.59348        0.67313   18.84766   27    0.87549       -1.24899   
    0.45091   12.62538   27    0.99144       -2.44018        0.36705   10.27746   27    0.99847       -3.00027   
    0.77043   21.57218   27    0.75879       -0.84553        0.83188   23.29274   27    0.66919       -0.56001   
    0.30372    8.50426   27    0.99974       -3.42769        0.27960    7.82872   27    0.99988       -3.58068   
    0.85021   23.80600   27    0.64105       -0.46999        0.96875   27.12512   27    0.45706       -0.01769   
    0.32724    9.16279   27    0.99946       -3.23680        0.28470    7.97171   27    0.99986       -3.55518   
    0.54711   15.31915   27    0.96471       -1.85577        0.61764   17.29398   27    0.92362       -1.48164   
    0.62485   17.49576   27    0.91818       -1.46356        0.61303   17.16479   27    0.92698       -1.50351   
    0.61067   17.09866   27    0.92866       -1.86934        0.61113   17.11165   27    0.92833       -1.87408   
    0.92802   25.98458   27    0.51946       -0.17030        0.88589   24.80481   27    0.58540       -0.32595   
    1.23347   34.53725   27    0.15098        0.92034        1.30335   36.49392   27    0.10491        1.12435   
    0.44863   12.56173   27    0.99177       -2.42064        0.34706    9.71776   27    0.99908       -3.08201   
    0.52646   14.74090   27    0.97291       -2.08486        0.51524   14.42664   27    0.97673       -2.09101   
    0.41936   11.74195   27    0.99522       -2.77449        0.42181   11.81080   27    0.99499       -2.68255   
    0.67857   19.00006   27    0.87000       -1.20716        0.69784   19.53954   27    0.84951       -1.10537   
    1.31568   36.83907   27    0.09811        1.12291        1.28018   35.84505   27    0.11872        1.00574   
    1.19327   33.41166   27    0.18382        0.76053        1.05996   29.67886   27    0.32877        0.30740   
    1.69795   47.54261   27    0.00863        2.20712        1.16360   32.58070   27    0.21126        0.65147   
    0.70461   19.72920   27    0.84193       -1.10121        0.73412   20.55526   27    0.80667       -0.97024   
    1.68580   47.20235   27    0.00941        2.19025        1.23139   34.47904   27    0.15256        0.88474   
    0.95608   26.77032   27    0.47624       -0.06594        0.80814   22.62806   27    0.70482       -0.63809   
    1.05528   29.54775   27    0.33485        0.30252        1.04365   29.22211   27    0.35021        0.25550   
    0.87697   24.55513   27    0.59938       -0.40699        0.87709   24.55866   27    0.59918       -0.39177   
    1.42380   39.86650   27    0.05273        1.53241        1.42753   39.97081   27    0.05156        1.50958   
    0.53960   15.10892   27    0.96788       -1.95458        0.54405   15.23354   27    0.96603       -1.88481   
    0.42061   11.77711   27    0.99511       -2.59012        0.41350   11.57811   27    0.99575       -2.61426   
    0.38245   10.70846   27    0.99781       -2.84690        0.44143   12.36015   27    0.99276       -2.43831   
    1.57392   44.06967   27    0.02034        1.84138        1.51872   42.52416   27    0.02920        1.68713   
    1.17984   33.03550   27    0.19590        0.72563        1.07910   30.21476   27    0.30459        0.37278   
    0.47655   13.34337   27    0.98688       -2.31960        0.48918   13.69718   27    0.98404       -2.19195   
    1.30090   36.42531   27    0.10630        1.07793        1.21664   34.06587   27    0.16414        0.81757   
    1.73435   48.56182   27    0.00664        2.26054        1.65675   46.38910   27    0.01155        2.06179   
    1.09984   30.79561   27    0.27961        0.43857        1.16431   32.60059   27    0.21057        0.64638   
    1.55148   43.44130   27    0.02360        1.79082        1.65677   46.38948   27    0.01155        2.04200   
    1.59221   44.58176   27    0.01799        1.88921        1.50292   42.08180   27    0.03231        1.63839   
    0.58120   16.27353   27    0.94753       -1.68683        0.67912   19.01542   27    0.86944       -1.19136   
    0.70645   19.78067   27    0.83983       -1.10498        0.84766   23.73457   27    0.64500       -0.49901   
    0.66906   18.73362   27    0.87950       -1.29020        0.60592   16.96577   27    0.93196       -1.61861   
    0.87960   24.62874   27    0.59526       -0.37967        0.81415   22.79632   27    0.69590       -0.63218   
    0.62167   17.40679   27    0.92061       -1.47458        0.60582   16.96298   27    0.93203       -1.54045   
    0.60557   16.95588   27    0.93220       -1.66455        0.68454   19.16718   27    0.86383       -1.22597   
    1.99515   55.86423   27    0.00089 +++    2.88077        1.60304   44.88511   27    0.01672        1.92511   
    0.58177   16.28942   27    0.94720       -1.68782        0.71169   19.92725   27    0.83380       -1.06152   
    1.09741   30.72750   27    0.28247        0.47169        1.03322   28.93011   27    0.36430        0.21619   
    0.69616   19.49244   27    0.85137       -1.13345        0.94113   26.35154   27    0.49916       -0.11887   
    1.15737   32.40641   27    0.21737        0.63778        1.25328   35.09184   27    0.13655        0.93168   
    0.41465   11.61021   27    0.99565       -2.63589        0.31287    8.76024   27    0.99965       -3.34249   
    0.28541    7.99157   27    0.99986       -3.59551        0.31900    8.93203   27    0.99958       -3.27602   
    0.58470   16.37150   27    0.94549       -1.66719        0.54618   15.29316   27    0.96512       -1.84474   
    0.31257    8.75192   27    0.99965       -3.49324        0.29616    8.29250   27    0.99979       -3.53641   
    0.60342   16.89580   27    0.93366       -1.61865        0.63778   17.85792   27    0.90780       -1.43777   
    0.20888    5.84871   27    0.99999       -4.60854        0.21346    5.97699   27    0.99999       -4.43982   
    1.44834   40.55360   27    0.04544        1.50535        1.38222   38.70223   27    0.06741        1.30410   
    2.45637   68.77834   27    0.00002 +++    4.00194***     2.59197   72.57509   27    0.00000 +++    4.17405***
    0.62558   17.51610   27    0.91761       -1.46269        0.61461   17.20899   27    0.92584       -1.51311   
    1.22605   34.32929   27    0.15668        0.84585        1.45381   40.70663   27    0.04394        1.50846   
    1.68754   47.25102   27    0.00930        2.16750        1.57476   44.09317   27    0.02022        1.87862   
    1.08377   30.34560   27    0.29885        0.38575        1.00093   28.02613   27    0.40963        0.09618   
    0.66219   18.54144   27    0.88610       -1.31934        0.65762   18.41340   27    0.89038       -1.35385   
    1.66235   46.54583   27    0.01111        2.11452        1.60491   44.93738   27    0.01651        1.97584   
    0.80797   22.62312   27    0.70508       -0.69909        0.75132   21.03707   27    0.78455       -0.92570   
    0.43936   12.30210   27    0.99303       -2.48027        0.48662   13.62526   27    0.98465       -2.17174   
    0.54278   15.19784   27    0.96656       -1.88705        0.63452   17.76649   27    0.91049       -1.39990   
    0.82971   23.23200   27    0.67249       -0.57062        0.75127   21.03550   27    0.78462       -0.88391   
    0.48014   13.44380   27    0.98612       -2.39177        0.49890   13.96931   27    0.98155       -2.21375   
    2.05324   57.49075   27    0.00056 +++    3.50078***     1.99606   55.88957   27    0.00089 +++    3.34374***
    0.74337   20.81427   27    0.79491       -0.93694        0.96273   26.95646   27    0.46615       -0.04148   
    0.83634   23.41750   27    0.66239       -0.61632        0.81065   22.69826   27    0.70111       -0.71931   
    1.69790   47.54115   27    0.00864        2.17763        1.79505   50.26129   27    0.00424        2.38581   
    0.94070   26.33950   27    0.49983       -0.17584        0.90573   25.36037   27    0.55427       -0.33040   
    0.74163   20.76571   27    0.79714       -0.92465        0.65320   18.28963   27    0.89442       -1.31075   
    1.10490   30.93727   27    0.27372        0.46086        1.18564   33.19792   27    0.19062        0.71900   
    1.80448   50.52552   27    0.00396        2.42061        1.82860   51.20077   27    0.00330        2.46542   
    1.70331   47.69282   27    0.00831        2.17259        1.45028   40.60780   27    0.04490        1.49822   
    0.82612   23.13141   27    0.67793       -0.58992        0.96727   27.08344   27    0.45930       -0.03031   
    0.39794   11.14219   27    0.99692       -2.76999        0.29385    8.22789   27    0.99981       -3.53918   
    0.87981   24.63479   27    0.59492       -0.36523        0.91254   25.55117   27    0.54360       -0.22874   
    1.15503   32.34090   27    0.21969        0.62025        1.32809   37.18639   27    0.09164        1.15025   
    0.99792   27.94185   27    0.41398        0.08599        0.90468   25.33090   27    0.55592       -0.25451   
    1.54723   43.32257   27    0.02426        1.84526        1.54173   43.16840   27    0.02515        1.78897   
    0.31659    8.86460   27    0.99961       -3.31451        0.27051    7.57427   27    0.99992       -3.65826   
    0.80063   22.41751   27    0.71587       -0.67261        0.68887   19.28825   27    0.85926       -1.15427   
    0.87636   24.53813   27    0.60033       -0.37024        0.97063   27.17768   27    0.45424       -0.01318   
    1.16241   32.54744   27    0.21242        0.64397        1.21349   33.97774   27    0.16670        0.80278   
    1.92888   54.00863   27    0.00152        3.08358        1.89902   53.17265   27    0.00192        2.97000   
    0.54088   15.14461   27    0.96735       -1.93950        0.56332   15.77283   27    0.95714       -1.77693   
    0.76507   21.42199   27    0.76614       -0.82664        0.54607   15.28993   27    0.96517       -1.87119   
    0.97630   27.33636   27    0.44577        0.00815        0.93008   26.04232   27    0.51625       -0.15927   
    0.79345   22.21674   27    0.72628       -0.70331        0.88839   24.87505   27    0.58146       -0.32038   
    2.07812   58.18735   27    0.00045 +++    3.12580        1.77536   49.70999   27    0.00491        2.42712   
    0.35453    9.92686   27    0.99888       -3.05478        0.36304   10.16501   27    0.99861       -2.95233   
    0.68893   19.29006   27    0.85919       -1.22772        0.64607   18.08992   27    0.90075       -1.39771   
    0.30602    8.56846   27    0.99972       -3.77228        0.31673    8.86834   27    0.99961       -3.59668   
    0.78910   22.09470   27    0.73255       -0.76746        0.81958   22.94818   27    0.68779       -0.61436   
    1.17110   32.79078   27    0.20406        0.67303        1.18671   33.22776   27    0.18966        0.71751   
    0.56407   15.79396   27    0.95676       -1.94548        0.52203   14.61677   27    0.97447       -2.13550   
    1.00985   28.27582   27    0.39686        0.12744        1.07309   30.04654   27    0.31207        0.34797   
    1.03293   28.92194   27    0.36469        0.21030        0.92498   25.89952   27    0.52418       -0.18581   
    0.15075    4.22092   27    1.00000       -5.42085        0.15247    4.26920   27    1.00000       -5.27101   
    0.66668   18.66700   27    0.88182       -1.30506        0.64666   18.10641   27    0.90023       -1.36743   
    0.94964   26.58982   27    0.48608       -0.08954        0.96183   26.93130   27    0.46751       -0.04363   
    3.15013   88.20377   27    0.00000 +++    5.23343***     3.03303   84.92476   27    0.00000 +++    5.06155***
    2.20559   61.75653   27    0.00015 +++    3.33832***     2.27862   63.80134   27    0.00008 +++    3.48562***
    1.87124   52.39459   27    0.00238        2.59716        1.73117   48.47263   27    0.00680        2.25572   
    0.94129   26.35606   27    0.49891       -0.12236        1.00256   28.07165   27    0.40729        0.10313   
    0.49195   13.77458   27    0.98336       -2.16147        0.69970   19.59169   27    0.84745       -1.09719   
    1.02229   28.62412   27    0.37936        0.17233        1.18319   33.12943   27    0.19283        0.70649   
    0.98920   27.69761   27    0.42669        0.05479        0.97440   27.28310   27    0.44860        0.00265   
    0.86071   24.09982   27    0.62477       -0.43135        0.88031   24.64860   27    0.59415       -0.35326   
    0.52062   14.57749   27    0.97495       -1.99897        0.58441   16.36344   27    0.94566       -1.64982   
    1.11633   31.25716   27    0.26071        0.50832        1.02305   28.64536   27    0.37830        0.17482   
    1.47192   41.21370   27    0.03928        1.60424        1.61227   45.14368   27    0.01570        1.95149   
    2.27738   63.76663   27    0.00008 +++    3.40263***     2.50961   70.26912   27    0.00001 +++    3.77321***
    0.58361   16.34101   27    0.94613       -1.71396        0.42565   11.91827   27    0.99460       -2.65342   
    0.45597   12.76707   27    0.99065       -2.45135        0.43532   12.18901   27    0.99353       -2.52043   
    1.95854   54.83905   27    0.00120        2.78503        1.83344   51.33628   27    0.00318        2.48425   
    0.69928   19.57975   27    0.84792       -1.26578        0.67227   18.82352   27    0.87634       -1.37589   
    0.57082   15.98297   27    0.95327       -1.95943        0.54205   15.17749   27    0.96687       -2.08627   
    0.49283   13.79918   27    0.98314       -2.15737        0.43145   12.08054   27    0.99398       -2.51254   
    1.61910   45.33488   27    0.01499        1.99025        1.87665   52.54621   27    0.00228        2.59059   
    0.58313   16.32765   27    0.94641       -1.72099        0.69611   19.49097   27    0.85142       -1.14928   
    0.45104   12.62914   27    0.99142       -2.40211        0.54422   15.23821   27    0.96596       -1.85475   
    0.33930    9.50054   27    0.99925       -3.16240        0.33466    9.37047   27    0.99934       -3.15402   
    0.46832   13.11283   27    0.98851       -2.30453        0.57211   16.01907   27    0.95258       -1.72374   
    0.48172   13.48827   27    0.98577       -2.30026        0.46960   13.14883   27    0.98827       -2.31577   
    0.70590   19.76506   27    0.84047       -1.24433        0.68372   19.14403   27    0.86469       -1.33401   
    0.70035   19.60973   27    0.84673       -1.12081        0.63048   17.65336   27    0.91376       -1.42557   
    2.19279   61.39809   27    0.00017 +++    3.20425        2.41077   67.50153   27    0.00003 +++    3.56106***
    0.89091   24.94559   27    0.57751       -0.31450        0.93095   26.06651   27    0.51491       -0.16116   
    1.20196   33.65480   27    0.17631        0.78887        0.87263   24.43352   27    0.60618       -0.40103   
    0.74051   20.73432   27    0.79857       -0.93869        0.68917   19.29688   27    0.85893       -1.17165   
    2.53269   70.91534   27    0.00001 +++    3.98326***     2.71636   76.05813   27    0.00000 +++    4.29006***
    0.49558   13.87626   27    0.98243       -2.16432        0.52237   14.62649   27    0.97435       -1.97896   
    0.54288   15.20060   27    0.96652       -1.88399        0.52622   14.73425   27    0.97300       -1.95106   
    1.44977   40.59351   27    0.04504        1.53226        1.70090   47.62527   27    0.00845        2.22077   
    2.10198   58.85542   27    0.00037 +++    3.28841        2.15895   60.45049   27    0.00023 +++    3.33590***
    0.36346   10.17702   27    0.99860       -2.98871        0.46947   13.14520   27    0.98829       -2.27307   
    0.93096   26.06676   27    0.51490       -0.20614        0.91548   25.63333   27    0.53901       -0.26686   
    0.96961   27.14914   27    0.45577       -0.02176        1.01557   28.43596   27    0.38877        0.14805   
    0.43781   12.25882   27    0.99322       -2.67809        0.44642   12.49966   27    0.99209       -2.55012   
    0.75913   21.25552   27    0.77418       -0.97922        0.78860   22.08082   27    0.73326       -0.82192   
    0.50107   14.02986   27    0.98096       -2.14169        0.57438   16.08266   27    0.95135       -1.70731   
    0.64569   18.07939   27    0.90107       -1.36338        0.60951   17.06618   27    0.92948       -1.52097   
    0.84394   23.63020   27    0.65074       -0.50029        0.76264   21.35387   27    0.76944       -0.83809   
    0.84201   23.57618   27    0.65371       -0.53186        0.75542   21.15187   27    0.77912       -0.87983   
    0.72359   20.26049   27    0.81965       -1.03450        0.90423   25.31854   27    0.55662       -0.27630   
    0.60253   16.87091   27    0.93426       -1.60183        0.56924   15.93876   27    0.95410       -1.73840   
    0.55109   15.43040   27    0.96295       -1.84915        0.47889   13.40896   27    0.98638       -2.21991   
    1.03221   28.90183   27    0.36568        0.20770        0.98210   27.49891   27    0.43714        0.02854   
    1.12187   31.41229   27    0.25455        0.55553        1.32358   37.06017   27    0.09395        1.25030   
    2.13005   59.64128   27    0.00029 +++    3.17113        1.92717   53.96087   27    0.00154        2.68943   
    1.35374   37.90470   27    0.07938        1.25374        1.34935   37.78178   27    0.08137        1.21977   
    0.55132   15.43682   27    0.96285       -2.08040        0.54059   15.13644   27    0.96747       -2.10312   
    0.74272   20.79620   27    0.79574       -0.95172        0.68651   19.22216   27    0.86176       -1.17970   
    1.21773   34.09634   27    0.16326        0.85182        1.25408   35.11423   27    0.13600        0.95033   
    0.52205   14.61747   27    0.97446       -2.00557        0.49931   13.98079   27    0.98144       -2.13099   
    0.68089   19.06499   27    0.86762       -1.19416        0.65582   18.36282   27    0.89204       -1.29854   
    0.94578   26.48193   27    0.49200       -0.11519        0.91000   25.47995   27    0.54758       -0.24441   
    0.82604   23.12900   27    0.67806       -0.57515        0.75835   21.23382   27    0.77522       -0.86112   
    0.47586   13.32412   27    0.98702       -2.26729        0.52636   14.73815   27    0.97295       -1.97690   
    0.54993   15.39804   27    0.96347       -1.89367        0.58388   16.34857   27    0.94597       -1.67266   
    1.11073   31.10043   27    0.26704        0.47976        1.04708   29.31818   27    0.34564        0.25875   
    0.76606   21.44962   27    0.76479       -0.84878        0.80445   22.52458   27    0.71027       -0.66325   
    1.43159   40.08456   27    0.05031        1.45334        1.29860   36.36073   27    0.10763        1.06046   
    2.63120   73.67365   27    0.00000 +++    4.22712***     2.75530   77.14832   27    0.00000 +++    4.36392***
    0.66841   18.71540   27    0.88014       -1.25267        0.54469   15.25141   27    0.96576       -1.86133   
    0.66598   18.64758   27    0.88248       -1.26462        0.70513   19.74356   27    0.84134       -1.05372   
    0.69748   19.52940   27    0.84991       -1.15742        0.63006   17.64180   27    0.91409       -1.49639   
    1.10994   31.07835   27    0.26793        0.47566        1.21456   34.00781   27    0.16582        0.81860   
